47 63
-0.737517 -1.31042 -1.34399 -1.21401 -1.21107 -0.965729 0 0 0.415281 -0.605434 -0.893649 -1.08562 -0.495706 -0.777431 -1.09803 -0.497313 -0.748337 -1.06092 -0.332106 -1.0102 -1.58674 -0.512538 -1.05079 -1.45706 -0.418145 -0.690497 -0.967088 -0.46267 -0.686102 -0.961686 0 0 0 -0.205275 -0.506452 -0.821465 -1.18261 -1.37478 -0.996827 -1.10889 -1.21797 -1.25094 -0.829746 -0.847483 -1.30884 -1.37362 -0.877151 -0.907056 -1.18396 -1.40282 -1.00692 -1.12843 -1.05585 -1.3301 -0.884597 -1.07272 -0.595292 -0.69949 -0.461487 -0.537091 0 0 0 
-0.737519 -1.31278 -1.3692 -1.13081 -1.24902 -0.965702 0 0 0.415281 -0.605417 -0.893641 -1.08562 -0.400543 -0.736002 -1.08945 -0.373718 -0.690354 -1.04463 -0.28236 -1.03371 -1.59761 -0.45131 -1.0522 -1.45118 -0.416068 -0.682106 -0.951334 -0.46267 -0.686102 -0.961686 0 0 0 0.224051 -0.577397 -0.607239 -1.18518 -1.37478 -0.996827 -1.10889 -1.21403 -1.24833 -0.829746 -0.847483 -1.29719 -1.36467 -0.877151 -0.907056 -1.0825 -1.32178 -1.00692 -1.12843 -1.09909 -1.3301 -0.884597 -1.07272 -0.595292 -0.69949 -0.461487 -0.537091 0 0 0 
-0.737521 -1.32735 -1.39036 -1.10875 -1.27627 -0.965056 0 0 -0.38138 -0.605401 -0.893633 -1.08561 -0.31275 -0.696974 -1.06887 -0.213358 -0.612091 -0.994824 -0.342245 -1.16566 -1.67975 -0.366541 -1.00017 -1.39353 -0.412445 -0.668984 -0.930852 -0.46267 -0.686102 -0.961686 0 0 0 0.796486 -0.506452 -0.232341 -1.19664 -1.37478 -0.996827 -1.10889 -1.20814 -1.24378 -0.829746 -0.847483 -1.28116 -1.35069 -0.877151 -0.907056 -1.03074 -1.3003 -1.00692 -1.12843 -1.13421 -1.3301 -0.884597 -1.07272 -0.595292 -0.69949 -0.461487 -0.537091 0 0 0 
-0.73751 -1.25424 -1.26498 -1.0719 -1.10185 -0.962984 0 0 1.21194 -0.605386 -0.893631 -1.08551 -0.232511 -0.682463 -0.975787 -0.0981082 -0.580263 -0.893964 -0.438545 -1.25429 -1.58123 -0.381074 -0.996179 -1.22564 -0.407764 -0.65925 -0.908133 -0.46267 -0.686102 -0.961686 0 0 0 0.844189 0.0374613 0.196113 -1.16246 -1.31832 -0.996827 -1.10889 -1.20075 -1.23791 -0.829746 -0.847483 -1.26638 -1.34031 -0.877151 -0.907056 -0.982392 -1.26441 -1.00692 -1.12843 -1.05239 -1.22564 -0.884597 -1.07272 -0.595292 -0.69949 -0.461487 -0.537091 0 0 0 
-0.737486 -1.13069 -1.12847 -1.09703 -1.08823 -0.961929 0 0 1.61027 -0.605396 -0.893639 -1.08369 -0.296925 -0.731474 -0.866856 -0.181333 -0.645087 -0.804647 -0.538117 -1.31288 -1.37882 -0.538013 -1.09893 -1.0725 -0.400333 -0.645734 -0.886232 -0.46267 -0.686102 -0.961686 0 0 0 -0.205275 -0.577397 -0.500125 -1.088 -1.19414 -0.996827 -1.10889 -1.19068 -1.22859 -0.829746 -0.847483 -1.25001 -1.32591 -0.877151 -0.907056 -0.965641 -1.26441 -1.00692 -1.12843 -0.997092 -1.21261 -0.884597 -1.07272 -0.595292 -0.69949 -0.461487 -0.537091 0 0 0 
-0.737474 -1.07931 -1.08671 -1.05664 -1.16158 -0.960435 0 0 2.40693 -0.60542 -0.893656 -1.07636 -0.425875 -0.83536 -0.763536 -0.324836 -0.764478 -0.714924 -0.615028 -1.35072 -1.11079 -0.615616 -1.15326 -0.857359 -0.391163 -0.627368 -0.853648 -0.46267 -0.686102 -0.961686 0 0 0 -1.06393 -1.00307 -1.24992 -1.01965 -1.1425 -0.996827 -1.10889 -1.17817 -1.21708 -0.829746 -0.847483 -1.2306 -1.30633 -0.877151 -0.907056 -0.938055 -1.24955 -1.00692 -1.12843 -0.988087 -1.21261 -0.884597 -1.07272 -0.595292 -0.69949 -0.461487 -0.537091 0 0 0 
-0.737483 -1.11353 -1.11349 -0.992932 -1.09514 -0.960159 0 0 1.61027 -0.605435 -0.893671 -1.06355 -0.526804 -0.917859 -0.638503 -0.427 -0.85439 -0.595354 -0.759804 -1.42294 -0.865644 -0.699247 -1.18364 -0.623932 -0.37426 -0.604224 -0.81515 -0.46267 -0.686102 -0.961686 0 0 0 0.224051 -0.553749 -0.714352 -0.981514 -1.1425 -0.99971 -1.10889 -1.16007 -1.19587 -0.829746 -0.847483 -1.20755 -1.28167 -0.877151 -0.907056 -0.896154 -1.1875 -0.891454 -1.04833 -0.960023 -1.21261 -0.933951 -1.07272 -0.595292 -0.69949 -0.461487 -0.537091 0 0 0 
-0.73749 -1.14943 -1.12159 -1.06672 -1.1581 -0.955324 0 0 1.21194 -0.60545 -0.893677 -1.05299 -0.614019 -0.953407 -0.490511 -0.544629 -0.89999 -0.454576 -0.889348 -1.45733 -0.668619 -0.782572 -1.19906 -0.445659 -0.347148 -0.573978 -0.768982 -0.46267 -0.686102 -0.961686 0 0 0 1.0827 -0.597667 -0.255294 -0.962706 -1.1425 -1.01254 -1.10889 -1.13363 -1.16185 -0.829746 -0.847483 -1.17977 -1.24943 -0.877151 -0.907056 -0.887224 -1.1875 -0.832561 -1.0271 -0.956912 -1.21261 -0.974028 -1.07272 -0.595292 -0.69949 -0.461487 -0.537091 0 0 0 
-0.73748 -1.11248 -1.08281 -1.23271 -1.21542 -0.949393 0 0 0.0169502 -0.605475 -0.893503 -1.04787 -0.755126 -0.855389 -0.348516 -0.736963 -0.826966 -0.323704 -0.914176 -1.2089 -0.484104 -0.838004 -0.955306 -0.276451 -0.330743 -0.541028 -0.720262 -0.46267 -0.686102 -0.961686 0 0 0 1.0827 -0.630606 -0.105144 -0.939114 -1.1425 -0.97427 -1.05264 -1.10616 -1.14126 -0.829746 -0.847483 -1.14799 -1.21432 -0.877151 -0.907056 -0.925261 -1.1875 -0.777544 -0.99162 -0.969008 -1.21261 -0.880656 -0.968775 -0.595292 -0.69949 -0.461487 -0.537091 0 0 0 
-0.737498 -1.1873 -1.17207 -1.27389 -1.30315 -0.938964 0 0 0.0169502 -0.605492 -0.890306 -1.04421 -0.844802 -0.638144 -0.20962 -0.842626 -0.62516 -0.191781 -0.816167 -0.76036 -0.260141 -0.762808 -0.542056 -0.090002 -0.30832 -0.510522 -0.665969 -0.46267 -0.686102 -0.961686 0 0 0 0.36716 -0.908475 -0.232341 -0.936577 -1.1425 -0.89088 -0.928955 -1.07567 -1.11313 -0.829746 -0.847483 -1.1141 -1.1818 -0.877151 -0.907056 -0.965735 -1.1875 -0.758484 -0.99162 -0.998678 -1.21261 -0.817545 -0.955808 -0.595292 -0.69949 -0.461487 -0.537091 0 0 0 
-0.737496 -1.17879 -1.16994 -1.23547 -1.23529 -0.933031 0 0 -0.38138 -0.605495 -0.877404 -1.0319 -0.869719 -0.351615 -0.0271617 -0.87496 -0.342656 -0.0113584 -0.724632 -0.252138 -0.0586169 -0.656287 -0.0779743 0.103544 -0.279105 -0.465003 -0.599946 -0.46267 -0.686102 -0.961686 0 0 0 -0.634601 -1.07401 -0.366233 -0.932813 -1.1425 -0.814344 -0.877513 -1.04065 -1.07647 -0.829746 -0.847483 -1.07487 -1.13329 -0.877151 -0.907056 -0.990331 -1.1875 -0.727094 -0.976929 -1.00889 -1.21261 -0.807268 -0.955808 -0.595292 -0.69949 -0.461487 -0.537091 0 0 0 
-0.737474 -1.09374 -1.06757 -1.23682 -1.25584 -0.909768 0 0 0.0169502 -0.6055 -0.854866 -0.998854 -0.890503 -0.081908 0.167324 -0.911652 -0.0817301 0.181186 -0.648846 0.218339 0.111148 -0.605939 0.348878 0.298456 -0.248037 -0.415089 -0.522863 -0.46267 -0.686102 -0.961686 0 0 0 -0.348383 -1.14496 -0.485519 -0.914199 -1.1425 -0.771632 -0.877513 -1.00165 -1.03748 -0.825188 -0.844431 -1.03064 -1.08009 -0.864272 -0.897561 -1.0111 -1.1875 -0.679413 -0.915601 -1.02131 -1.21261 -0.775241 -0.955808 -0.595292 -0.69949 -0.461487 -0.537091 0 0 0 
-0.737486 -1.13278 -1.10925 -1.28789 -1.21364 -0.877448 0 0 0.0169502 -0.605507 -0.836302 -0.960067 -0.91425 0.171103 0.358515 -0.950568 0.156539 0.368385 -0.475027 0.648625 0.288892 -0.500668 0.687358 0.482805 -0.218677 -0.360966 -0.446127 -0.46267 -0.686102 -0.961686 0 0 0 1.0827 -1.07401 -0.339455 -0.905007 -1.1425 -0.75057 -0.877513 -0.960071 -1.00064 -0.81837 -0.839111 -0.981645 -1.02241 -0.846552 -0.882713 -1.03826 -1.1875 -0.669251 -0.915601 -1.02442 -1.21261 -0.771691 -0.955808 -0.595292 -0.69949 -0.461487 -0.537091 0 0 0 
-0.737506 -1.23001 -1.21197 -1.25948 -1.23657 -0.895894 0 0 1.61027 -0.605039 -0.827302 -0.918054 -0.577413 0.418949 0.569737 -0.637477 0.390885 0.577642 0.0319281 0.98798 0.518938 0.00580592 0.955961 0.69668 -0.181927 -0.302817 -0.373234 -0.46267 -0.686102 -0.961686 0 0 0 1.0827 -0.577397 -0.0139946 -0.912293 -1.1425 -0.72415 -0.877513 -0.914477 -0.954529 -0.809825 -0.832233 -0.928117 -0.960436 -0.830221 -0.871698 -1.05659 -1.1875 -0.712534 -0.915601 -1.03081 -1.21261 -0.785494 -0.955808 -0.595292 -0.69949 -0.461487 -0.537091 0 0 0 
-0.737506 -1.2333 -1.20851 -1.16305 -1.22774 -0.86555 0 0 0.813611 -0.59669 -0.820861 -0.810686 0.100884 0.686505 0.815743 0.0275836 0.655765 0.822226 0.675285 1.29485 0.790533 0.760812 1.25252 0.949436 -0.147955 -0.234764 -0.280014 -0.46267 -0.686102 -0.961686 0 0 0 0.36716 -0.222671 0.395038 -0.919087 -1.1425 -0.72131 -0.877513 -0.866369 -0.911901 -0.798176 -0.821318 -0.869128 -0.887907 -0.812124 -0.856404 -1.05679 -1.1875 -0.75859 -0.915601 -1.03501 -1.21261 -0.819355 -0.955808 -0.595292 -0.69949 -0.461487 -0.537091 0 0 0 
-0.737514 -1.28757 -1.28044 -1.15862 -1.1825 -0.832125 0 0 0.813611 -0.563085 -0.799226 -0.66903 0.903909 1.03558 1.07394 0.827865 1.00699 1.08058 1.37477 1.54474 1.06068 1.55384 1.54233 1.19967 -0.0913947 -0.154953 -0.168758 -0.46267 -0.686102 -0.928374 0 0 0 -0.062166 -0.0807807 0.678123 -0.932437 -1.1425 -0.717094 -0.877513 -0.810862 -0.840929 -0.783704 -0.807848 -0.803661 -0.802847 -0.790663 -0.835621 -1.0563 -1.1875 -0.786578 -0.915601 -1.03225 -1.21261 -0.831013 -0.955808 -0.595292 -0.69949 -0.461487 -0.537091 0 0 0 
-0.737507 -1.23674 -1.22672 -1.2056 -1.20301 -0.799475 0 0 2.0086 -0.504372 -0.741128 -0.571464 1.7681 1.43286 1.30996 1.69837 1.40829 1.31457 2.09368 1.78591 1.31922 2.32616 1.83629 1.43829 -0.0335853 -0.0635113 -0.0493878 -0.46267 -0.686102 -0.858357 0 0 0 -1.06393 0.132055 1.10658 -0.937688 -1.1425 -0.696249 -0.877513 -0.748984 -0.76839 -0.762769 -0.783018 -0.730958 -0.70539 -0.765184 -0.809432 -1.0626 -1.1875 -0.810215 -0.915601 -1.03255 -1.21261 -0.845182 -0.955808 -0.595292 -0.69949 -0.461487 -0.537091 0 0 0 
-0.737493 -1.16271 -1.14385 -1.05002 -1.10976 -0.748729 0 0 2.40693 -0.455997 -0.672944 -0.454327 2.59422 1.80644 1.53583 2.53688 1.78416 1.53397 2.65858 2.0232 1.58372 2.91448 2.11762 1.68683 0.0330237 0.0232518 0.0735736 -0.46267 -0.686102 -0.749809 0 0 0 0.796486 0.983397 1.74926 -0.933376 -1.1425 -0.685956 -0.877513 -0.679941 -0.684809 -0.732197 -0.743193 -0.652948 -0.61292 -0.734469 -0.775206 -1.04712 -1.1875 -0.841118 -0.915601 -1.02102 -1.21261 -0.848728 -0.955808 -0.595292 -0.69949 -0.461487 -0.537091 0 0 0 
-0.736462 -0.508102 -0.551858 -0.0755739 -0.0192061 -0.719971 0 0 0.415281 -0.433013 -0.599276 -0.284707 2.98253 2.03837 1.68637 2.95964 2.03179 1.68165 2.63323 2.07098 1.73759 2.93219 2.1975 1.80906 0.0969666 0.0942172 0.200329 -0.46267 -0.686102 -0.602361 0 0 0 2.08446 1.55096 2.28483 -0.854284 -0.5684 -0.694115 -0.877513 -0.605398 -0.604573 -0.70042 -0.719095 -0.572778 -0.537287 -0.69934 -0.737921 -0.908186 -0.294052 -0.861975 -0.915601 -0.879894 -0.190187 -0.856028 -0.955808 -0.595292 -0.69949 -0.461487 -0.537091 0 0 0 
-0.718997 0.0693815 0.0383036 0.593302 0.648642 -0.721414 0 0 0.415281 -0.425049 -0.41394 -0.139911 2.70279 2.08051 1.70277 2.72957 2.09587 1.7046 2.00409 1.81444 1.67167 2.22008 1.96319 1.72201 0.172185 0.193884 0.337259 -0.46267 -0.686102 -0.415147 0 0 0 2.08446 1.90568 2.33838 -0.720053 0.0120056 -0.701723 -0.877513 -0.524039 -0.510189 -0.665158 -0.686157 -0.486786 -0.431064 -0.661872 -0.7034 -0.701572 0.357391 -0.862209 -0.915601 -0.676776 0.448551 -0.860823 -0.955808 -0.595292 -0.69949 -0.461487 -0.537091 0 0 0 
-0.662912 0.347787 0.338851 0.890902 0.886004 -0.607813 0 0 0.415281 -0.410667 -0.181062 -0.0411993 2.13205 1.95744 1.62959 2.18865 1.98224 1.6338 1.01377 1.35797 1.46994 1.15438 1.53243 1.5131 0.269624 0.315318 0.475184 -0.46267 -0.633944 -0.221508 0 0 0 2.37068 2.26041 2.28483 -0.569656 0.29182 -0.716674 -0.877513 -0.432825 -0.387923 -0.624653 -0.643243 -0.392926 -0.301643 -0.618514 -0.651891 -0.480071 0.647235 -0.861646 -0.915601 -0.467244 0.675568 -0.857665 -0.955808 -0.595292 -0.69949 -0.461487 -0.537091 0 0 0 
-0.607168 0.463917 0.463803 0.863793 0.790804 -0.544337 0 0 -1.17804 -0.351721 -0.0450229 0.0279484 1.44253 1.74696 1.51311 1.50426 1.77278 1.51519 -0.116659 0.834494 1.23587 0.0971442 1.07501 1.27969 0.366487 0.437245 0.612109 -0.46267 -0.524316 -0.0244759 0 0 0 2.08446 2.33136 1.90993 -0.421405 0.408538 -0.722554 -0.877513 -0.333198 -0.266379 -0.579538 -0.597605 -0.292208 -0.171695 -0.569613 -0.595409 -0.281713 0.647235 -0.868817 -0.915601 -0.286622 0.675568 -0.858016 -0.955808 -0.595292 -0.69949 -0.461487 -0.537091 0 0 0 
-0.630126 0.424004 0.431841 0.546886 0.421675 -0.460727 0 0 -0.779711 -0.281264 0.119752 0.156028 0.756999 1.5452 1.39651 0.815895 1.57167 1.39566 -1.13004 0.40171 1.04388 -0.80536 0.747857 1.11381 0.439921 0.558788 0.771297 -0.46267 -0.354356 0.17395 0 0 0 1.36892 2.11852 1.48147 -0.289834 0.408538 -0.717724 -0.877513 -0.230121 -0.174233 -0.531453 -0.554478 -0.185573 -0.0421576 -0.515454 -0.534165 -0.134209 0.647235 -0.851204 -0.915601 -0.158282 0.675568 -0.844855 -0.955808 -0.595292 -0.69949 -0.461487 -0.537091 0 0 0 
-0.68544 0.274997 0.288199 0.092024 0.129183 -0.420656 0 0 -0.779711 -0.160798 0.390495 0.424083 0.204481 1.38608 1.31151 0.260116 1.40957 1.31021 -1.68289 0.205562 0.942826 -1.30033 0.611669 1.03318 0.474533 0.684461 0.951842 -0.46267 -0.123491 0.373342 0 0 0 0.510269 1.97663 1.10658 -0.182785 0.408538 -0.629154 -0.305676 -0.130162 -0.130803 -0.478717 -0.500495 -0.0732837 0.0917811 -0.456282 -0.468365 -0.0452223 0.647235 -0.693104 -0.0324862 -0.0684116 0.675568 -0.683795 0.0615843 -0.595292 -0.69949 -0.461487 -0.537091 0 0 0 
-0.700271 0.205575 0.2224 0.0334765 0.0762796 -0.344814 0 0 -0.779711 0.290808 0.632933 0.680528 0.160514 1.24428 1.25387 0.182844 1.26147 1.2516 -1.54137 0.150358 0.889535 -1.10797 0.530883 0.965762 0.556207 0.80987 1.12946 -0.46267 0.16964 0.572173 0 0 0 0.224051 1.55096 0.89235 -0.0903641 0.408538 -0.478833 0.272446 -0.0258042 -0.0283183 -0.423075 -0.450591 0.043953 0.225439 -0.391073 -0.391358 0.0309334 0.647235 -0.457995 0.611422 0.00944628 0.675568 -0.45199 0.697178 -0.595292 -0.69949 -0.461487 -0.537091 0 0 0 
-0.612471 0.455481 0.466554 -0.0975178 0.0840093 -0.203715 0 0 -0.779711 0.874332 0.794467 0.839679 0.333447 1.05611 1.1578 0.331476 1.06712 1.15293 -1.05192 0.171192 0.851965 -0.616036 0.448441 0.899278 0.648542 0.925529 1.25619 -0.331276 0.472829 0.770185 0 0 0 -0.062166 1.19623 0.73168 0.0159362 0.408538 -0.310411 0.55116 0.0839996 0.0875431 -0.358875 -0.367509 0.164525 0.348706 -0.318702 -0.301045 0.0889426 0.647235 -0.205946 0.897914 0.0819926 0.675568 -0.212865 0.923077 -0.595292 -0.69949 -0.461487 -0.537091 0 0 0 
-0.401694 0.65555 0.667128 -0.219785 0.202202 -0.061601 0 0 -0.779711 1.14686 0.871729 0.925463 0.388065 0.764881 1.00522 0.374083 0.76687 0.996951 -0.389045 0.250817 0.844338 -0.101685 0.354271 0.837138 0.742686 1.02847 1.33904 -0.0551039 0.781331 0.966268 0 0 0 -0.491492 0.841507 0.624567 0.130543 0.601141 -0.144391 0.667418 0.198899 0.205675 -0.287306 -0.282591 0.286753 0.458422 -0.238332 -0.197571 0.13161 0.647235 0.0197692 0.897914 0.159141 0.675568 -0.00673288 0.923077 -0.595292 -0.69949 -0.461487 -0.537091 0 0 0 
-0.343357 0.689313 0.698176 -0.19242 0.147261 -0.00967001 0 0 -1.9747 1.41287 1.01169 1.10078 0.404279 0.459747 0.850491 0.381608 0.453894 0.840336 0.322254 0.314885 0.889708 0.424521 0.24236 0.789816 0.83334 1.16447 1.40101 0.37305 1.09202 1.16023 0 0 0 -0.77771 0.0611097 0.249669 0.239597 0.635075 0.00294842 0.667418 0.317875 0.319428 -0.20745 -0.184747 0.413739 0.603363 -0.152096 -0.0993911 0.173614 0.647235 0.187616 0.897914 0.226308 0.675568 0.139733 0.923077 -0.595292 -0.69949 -0.461487 -0.537091 0 0 0 
-0.310612 0.704859 0.714014 0.156648 0.416645 -0.0403124 0 0 -1.57637 1.86817 1.3684 1.38288 0.413986 0.18329 0.694599 0.384367 0.172916 0.682347 0.908461 0.313977 0.901523 0.807112 0.119586 0.725507 0.991915 1.35652 1.46722 0.954637 1.40421 1.35134 0 0 0 -1.20704 -1.00307 -0.178785 0.3423 0.6507 0.122828 0.667418 0.449392 0.518409 -0.121232 -0.0908188 0.550356 0.808044 -0.0634715 -0.019088 0.242078 0.647235 0.288876 0.897914 0.310012 0.675568 0.242295 0.923077 -0.595292 -0.69949 -0.461487 -0.537091 0 0 0 
0.353412 0.896617 0.902587 0.593306 0.708097 0.172402 0 0 -1.17804 1.87945 1.5722 1.52408 0.23935 -0.0110047 0.499309 0.20249 -0.036143 0.484172 1.08095 0.350767 0.795571 0.828814 0.067918 0.552114 1.14697 1.53743 1.48555 1.69308 1.71553 1.53991 0 0 0 -0.77771 -0.719287 -0.767909 0.452114 0.843428 0.226326 0.667418 0.591751 0.71297 -0.0271316 0.0196718 0.694613 1.00086 0.0315887 0.0936936 0.341479 0.647235 0.375535 0.897914 0.410277 0.675568 0.331149 0.923077 -0.595292 -0.69949 -0.461487 -0.537091 0 0 0 
0.701804 0.953759 0.958161 0.699224 0.748014 0.419228 45.5483 0 -1.17804 1.25026 1.44551 1.46299 -0.116633 -0.159284 0.265423 -0.160909 -0.194599 0.248702 1.05711 0.406652 0.614115 0.672932 0.0958902 0.334124 1.20378 1.59962 1.42302 2.32546 1.97341 1.69248 0 0 0 -0.348383 -0.293616 -1.14281 0.558868 0.900859 0.345367 0.667418 0.731879 0.784261 0.0783681 0.162803 0.835133 1.06713 0.135347 0.231105 0.4428 0.647235 0.441544 0.897914 0.507008 0.675568 0.413942 0.923077 -0.540404 -0.325735 -0.461487 -0.537091 0 0 0 
0.253827 0.877602 0.88298 0.629027 0.692905 0.593667 95.7358 0 -0.779711 0.62054 1.26845 1.39496 -0.363603 -0.262517 0.0254533 -0.413384 -0.302745 0.00497973 0.975819 0.501614 0.427663 0.535636 0.194893 0.140186 1.21744 1.58781 1.30148 2.69506 2.11864 1.76932 0 0 0 -0.062166 0.0611097 -1.46415 0.653753 0.900859 0.47371 0.859263 0.864868 0.801399 0.193598 0.305088 0.965846 1.06713 0.246686 0.369077 0.532438 0.647235 0.490096 0.897914 0.593768 0.675568 0.501986 0.923077 -0.430358 0.0860884 -0.461487 -0.537091 0 0 0 
0.452709 0.914893 0.917069 0.695445 0.881148 0.714926 148.421 0 -0.779711 0.482417 1.34803 1.37884 -0.444164 -0.311895 -0.202675 -0.49506 -0.3552 -0.226363 0.809168 0.651526 0.222285 0.391474 0.288006 -0.0804158 1.31661 1.53372 1.22817 2.7734 2.14274 1.78045 0 0 0 0.0809427 0.132055 -1.02804 0.745355 0.900859 0.595834 0.893064 1.0012 0.925837 0.312818 0.412959 1.08409 1.06713 0.364565 0.506612 0.621553 0.647235 0.537893 0.897914 0.68827 0.675568 0.578639 0.923077 -0.267342 0.518406 -0.461487 -0.537091 0 0 0 
0.987021 0.990494 0.986057 1.04208 1.10378 0.833814 201.609 0 -0.779711 0.64567 1.50025 1.29499 -0.501906 -0.375417 -0.434892 -0.548492 -0.418897 -0.459704 0.477308 0.683183 -0.0188376 0.0892238 0.228444 -0.34265 1.47424 1.46121 1.1442 2.55014 2.04116 1.72066 0 0 0 -0.062166 0.203 -0.528963 0.836424 0.93778 0.710847 0.908627 1.1471 1.12363 0.428433 0.463801 1.18945 1.06713 0.488696 0.648821 0.730291 0.794473 0.6158 0.897914 0.792136 0.883855 0.674165 0.923077 -0.0554752 0.954849 -0.461487 -0.537091 0 0 0 
0.753276 0.960828 0.952111 1.13599 1.0501 0.966418 255.983 0 -0.779711 0.603563 1.46381 1.19297 -0.580319 -0.484242 -0.59721 -0.61771 -0.525454 -0.627991 0.105699 0.50454 -0.183707 -0.246578 0.0181455 -0.486703 1.55577 1.31127 1.04511 2.01437 1.81241 1.58038 0 0 0 -0.062166 0.34489 -0.285898 0.920438 0.93778 0.833822 1.1006 1.2935 1.22593 0.549134 0.583774 1.27689 1.06713 0.618296 0.790732 0.83936 0.885937 0.728909 0.897914 0.886572 0.883855 0.788591 0.923077 0.202319 1.40102 -0.461487 -0.537091 0 0 0 
0.358558 0.899449 0.8865 1.19298 0.988061 1.08802 264.767 0 -0.38138 0.731219 1.35308 1.18093 -0.564398 -0.605966 -0.680332 -0.587675 -0.641945 -0.713293 -0.177304 0.263174 -0.276769 -0.400517 -0.184659 -0.527841 1.49788 1.07097 0.926349 1.29318 1.50714 1.39287 0 0 0 -0.205275 0.34489 -0.100884 0.996062 0.93778 0.953371 1.1578 1.42567 1.22593 0.676134 0.719407 1.34094 1.06713 0.751582 0.92161 0.946231 0.94144 0.844204 0.897914 0.971834 0.883855 0.898983 0.923077 0.454907 1.47311 -0.376238 -0.102113 0 0 0 
0.169982 0.858778 0.852231 1.20047 1.01185 1.25305 269.407 0 -0.38138 1.07723 1.32902 1.26767 -0.500741 -0.664653 -0.71473 -0.51075 -0.696112 -0.747002 -0.476248 -0.022215 -0.339342 -0.486729 -0.351646 -0.533246 1.3555 0.77362 0.791615 0.657047 1.17754 1.19379 0 0 0 -0.491492 0.273945 0.0354424 1.0652 0.93778 1.05963 1.1578 1.53609 1.22593 0.809029 0.857699 1.37921 1.06713 0.8867 1.0381 1.04782 0.948735 0.946205 0.897914 1.05395 0.883855 0.997996 0.923077 0.698526 1.51118 -0.205321 0.37717 0 0 0 
0.801568 0.968269 0.963939 1.08237 1.00954 1.63477 271.312 0 -0.38138 1.55288 1.37694 1.31648 -0.444356 -0.688058 -0.745836 -0.447826 -0.715945 -0.777368 -0.662768 -0.331222 -0.38249 -0.52393 -0.507966 -0.551667 1.05497 0.546296 0.592737 0.138432 0.859679 0.987792 0 0 0 -0.491492 0.234531 -0.0359666 1.13699 0.93778 1.16221 1.1578 1.6107 1.22593 0.946638 0.990864 1.39886 1.06713 1.02708 1.19199 1.13648 0.948735 1.04761 0.897914 1.13161 0.883855 1.10585 0.923077 0.931197 1.52682 0.047867 0.880305 0 0 0 
2.14554 1.09517 1.0944 1.01016 1.07804 1.97896 272.634 0 0.0169502 1.758 1.07178 1.08417 -0.445801 -0.752031 -0.81729 -0.44847 -0.778696 -0.848625 -0.685734 -0.586499 -0.433409 -0.496925 -0.690142 -0.630919 0.540448 0.19743 0.297308 -0.248715 0.535398 0.776341 0 0 0 -0.77771 -0.098517 -0.145312 1.2122 1.04299 1.26419 1.19458 1.63142 1.22593 1.09875 1.2238 1.39265 1.06713 1.1781 1.40931 1.21608 0.948735 1.17134 1.04345 1.20929 0.883855 1.22438 1.13034 1.1532 1.53766 0.376925 1.38824 0 0 0 
1.95742 1.08228 1.08095 0.991468 0.893283 2.05805 271.866 0 0.0169502 1.35223 0.555688 0.727713 -0.486888 -0.836785 -0.919631 -0.493725 -0.863118 -0.950904 -0.57001 -0.73464 -0.526429 -0.442451 -0.777777 -0.70689 -0.202383 -0.25381 -0.0706708 -0.494102 0.206976 0.561405 0 0 0 -1.06393 -0.445642 -0.324153 1.28295 1.04299 1.35828 1.19458 1.58065 1.22593 1.26341 1.45156 1.35543 1.06713 1.33757 1.61403 1.29056 0.948735 1.29546 1.13385 1.27256 0.883855 1.33215 1.13034 1.36339 1.53766 0.777316 1.9075 0 0 0 
1.04184 0.996997 0.998165 0.951293 0.943176 1.72759 270.747 0 -0.38138 0.868492 0.420576 0.587639 -0.538154 -0.859593 -1.00755 -0.550163 -0.885947 -1.03886 -0.42567 -0.753287 -0.597181 -0.366206 -0.768165 -0.766858 -0.960214 -0.651823 -0.407513 -0.587755 -0.123839 0.343897 0 0 0 -1.35014 -0.624694 -0.393012 1.3457 1.04299 1.44297 1.19458 1.46223 1.22593 1.42548 1.53502 1.29307 1.06713 1.49291 1.6844 1.35901 0.948735 1.41707 1.18872 1.33551 0.883855 1.42946 1.13034 1.5623 1.53766 1.16962 1.99139 0 0 0 
0.594955 0.937752 0.939721 0.865671 1.03522 1.54197 268.109 0 -0.38138 0.744036 0.715672 0.726859 -0.55862 -0.828131 -1.03318 -0.579639 -0.855125 -1.06529 -0.216495 -0.673727 -0.616423 -0.320278 -0.779442 -0.849727 -1.56702 -0.953601 -0.690535 -0.667773 -0.40297 0.125525 0 0 0 -1.35014 -0.719287 -0.393012 1.40239 1.04299 1.52039 1.19458 1.29464 1.22593 1.5793 1.55508 1.21372 1.06713 1.63741 1.6844 1.41923 0.948735 1.53266 1.19593 1.40046 0.883855 1.52317 1.13034 1.7494 1.53766 1.548 2.0357 0 0 0 
1.77377 1.0675 1.06338 1.13685 1.23499 1.49236 265.204 0 0.0169502 0.580067 0.67774 0.646759 -0.598726 -0.841398 -1.06672 -0.624012 -0.867692 -1.09795 -0.0526856 -0.67333 -0.72218 -0.38702 -0.909516 -1.01152 -1.84979 -1.23552 -0.974857 -0.693707 -0.623919 -0.0931298 0 0 0 -1.24281 -0.89665 -0.567071 1.46303 1.04299 1.60078 1.19458 1.10988 1.22593 1.73698 1.70076 1.11986 1.06713 1.76811 1.6844 1.49204 0.948735 1.63355 1.19593 1.47298 1.00934 1.6118 1.13034 1.92527 1.53766 1.90936 2.0539 0 0 0 
2.94981 1.14552 1.13994 1.33343 1.27429 1.52611 261.32 0 -0.38138 -0.694912 -0.193787 -0.110345 -0.712204 -0.9226 -1.15624 -0.737229 -0.947644 -1.18596 -0.118862 -0.828362 -0.971539 -0.598526 -1.10865 -1.26788 -2.10828 -1.60178 -1.35378 -0.706876 -0.782094 -0.310506 0 0 0 -1.15933 -0.97942 -0.767909 1.52478 1.09359 1.68501 1.29937 0.91124 1.22593 1.90573 1.93231 1.00715 1.06713 1.88459 1.6844 1.57243 1.07823 1.72413 1.19593 1.54424 1.04693 1.70045 1.13034 2.08985 1.53766 2.25417 2.06652 0 0 0 
2.21506 1.10094 1.09566 1.28029 1.00444 1.22138 257.828 0 0.0169502 -1.904 -1.18381 -0.98636 -0.815181 -1.01443 -1.26192 -0.836045 -1.03832 -1.28919 -0.280604 -0.94839 -1.19703 -0.651792 -1.11807 -1.35356 -2.27674 -1.97634 -1.75877 -0.710632 -0.879365 -0.529306 0 0 0 -1.06393 -1.00307 -1.19636 1.58163 1.09359 1.76424 1.29937 0.707222 1.22593 2.07506 2.05207 0.876334 1.06713 1.98125 1.6844 1.64637 1.07823 1.80888 1.19593 1.59866 1.04693 1.77265 1.13034 2.24421 1.53766 2.58062 2.06652 0 0 0 
1.17199 1.01111 1.01023 1.20682 0.97798 0.797382 254.165 0 -0.38138 -2.21154 -1.58378 -1.29511 -0.846374 -1.05858 -1.30077 -0.867122 -1.08498 -1.32828 -0.387596 -0.983805 -1.30022 -0.568906 -0.976961 -1.26895 -2.18311 -2.19066 -2.02505 -0.726497 -0.926225 -0.760737 0 0 0 -1.06393 -0.861178 -1.35703 1.63174 1.09359 1.83451 1.29937 0.519797 1.22593 2.22793 2.05207 0.738267 1.06713 2.05206 1.6844 1.7132 1.07823 1.88678 1.19593 1.64941 1.04693 1.8445 1.13034 2.38889 1.53766 2.88956 2.06652 0 0 0 
1.00192 0.992448 0.990403 1.20373 1.10577 0.562627 246.35 0 -0.38138 -2.27016 -1.72449 -1.34139 -0.853115 -1.0797 -1.30724 -0.872955 -1.10877 -1.33423 -0.479791 -0.986874 -1.37398 -0.582754 -0.974883 -1.29834 -1.83445 -2.14706 -2.06089 -0.678664 -0.914085 -0.913311 0 0 0 -1.06393 -0.861178 -1.46415 1.63174 1.09359 1.89799 1.29937 0.519797 1.22593 2.35565 2.05207 0.738267 1.06713 2.09436 1.6844 1.7132 1.07823 1.95531 1.19593 1.64941 1.04693 1.91862 1.13034 2.38889 1.53766 3.18015 2.06652 0 0 0 
