45 63
-0.197367 0.179448 0.25215 -1.15161 -1.16647 -0.234803 0 -0.593059 -0.162393 -0.631844 -0.871709 -1.08811 -0.345729 -0.636582 -0.942825 -0.43829 -0.692793 -0.991456 0.408146 -0.517942 -1.00973 0.549969 -0.385364 -0.909316 -0.885017 -1.11237 -1.36403 -0.477097 -0.708906 -0.482879 0.0980152 0.890622 1.57692 0.415233 -0.166087 -0.426722 1.53279 -1.22103 1.30709 -1.05507 -0.919937 -1.24944 -0.56133 -0.817433 -1.13381 -1.37355 -0.739399 -0.881733 -1.85895 -1.74743 -1.61062 -1.49008 -1.96433 -1.82902 -1.66361 -1.51358 -1.29003 -1.58699 -1.04399 -1.235 -0.667257 0.214412 0.991007 
0.0155067 0.481863 0.437412 -0.463565 -0.418597 -0.52827 0 -0.593059 -0.724524 -0.742316 -0.954343 -1.14729 -0.443228 -0.729701 -1.02362 -0.53641 -0.784309 -1.07248 0.331634 -0.628075 -1.07512 0.500455 -0.487986 -0.981599 -1.00573 -1.15887 -1.39823 -0.477097 -0.675429 -0.293408 0.294046 1.1039 1.67325 0.415233 -0.166087 -0.426722 2.05267 -0.678642 1.30709 -1.05507 -1.04989 -1.24944 -0.56133 -0.817433 -1.17931 -1.37355 -0.739399 -0.881733 -0.638112 -0.925385 -1.61062 -1.49008 -0.630689 -0.932377 -1.66361 -1.51358 -1.29003 -1.58699 -1.04399 -1.235 -0.415989 0.516755 1.13987 
-0.246832 0.123324 0.17734 -0.907776 -0.832295 -0.283321 0 -0.593059 -0.724524 -1.09191 -1.17196 -1.32128 -0.845835 -1.00075 -1.26458 -0.834597 -0.990201 -1.25728 -0.892935 -1.47255 -1.7487 -0.852209 -1.39602 -1.72058 -0.867875 -1.06203 -1.27755 -0.477097 -0.582198 -0.10346 0.588091 1.31718 1.73747 -0.290768 -0.564507 -0.849531 1.81505 -0.678642 1.30709 -1.05507 -0.994268 -1.23607 -0.56133 -0.817433 -1.13131 -1.33059 -0.739399 -0.881733 -0.756624 -0.925385 -1.61062 -1.49008 -0.677959 -0.932377 -1.66361 -1.51358 -1.29003 -1.58699 -1.04399 -1.235 -0.0390862 0.819097 1.23911 
-0.321792 0.0576815 0.0268147 -0.444195 -0.405793 -0.52874 0 -0.593059 -0.724524 -1.106 -1.16638 -1.30599 -0.904564 -1.04173 -1.29807 -0.92832 -1.05252 -1.30787 -0.829642 -1.43664 -1.72209 -0.822571 -1.40147 -1.73908 -1.11935 -1.18922 -1.36064 -0.477097 -0.428664 0.0866396 0.980152 1.53046 1.76958 -0.526101 -0.730515 -0.990467 1.63982 -0.678642 1.30709 -1.05507 -1.10182 -1.23607 -0.56133 -0.817433 -1.16953 -1.33059 -0.739399 -0.881733 -0.404602 -0.902243 -1.61062 -1.49008 -0.321315 -0.917026 -1.66361 -1.51358 -1.29003 -1.58699 -1.04399 -1.235 0.46345 1.12144 1.28874 
-0.379026 -0.0424352 -0.0500965 -0.549152 -0.451529 -0.581342 0 -0.593059 -0.724524 -1.15497 -1.1719 -1.293 -1.06723 -1.12903 -1.33781 -1.05428 -1.11989 -1.33351 -1.38747 -1.74333 -1.96392 -1.38145 -1.73812 -1.98784 -1.2042 -1.19489 -1.34064 -0.477097 -0.214607 0.276671 1.47023 1.74374 1.76958 -0.643768 -0.813519 -1.06094 1.46584 -0.678642 1.30709 -1.05507 -1.20289 -1.23607 -0.56133 -0.817433 -1.19468 -1.33059 -0.739399 -0.881733 -0.267882 -0.902243 -1.61062 -1.49008 -0.139951 -0.917026 -1.66361 -1.51358 -1.29003 -1.58699 -1.04399 -1.235 1.09162 1.42378 1.28874 
-0.341626 -0.00463503 0.0311323 -0.792601 -0.778631 -0.61749 0 -0.0593059 -0.724524 -1.19356 -1.17986 -1.28342 -1.15514 -1.18063 -1.35578 -1.14529 -1.17051 -1.34807 -1.53654 -1.83979 -1.95766 -1.53874 -1.86742 -2.00152 -1.21042 -1.17677 -1.31637 -0.477097 0.060023 0.466594 1.86229 1.87171 1.73747 -0.714368 -0.863322 -1.10322 1.37152 -0.678642 1.30709 -1.05507 -1.2725 -1.23607 -0.56133 -0.817433 -1.20553 -1.33059 -0.739399 -0.881733 -0.320722 -0.902243 -1.61062 -1.49008 -0.213477 -0.917026 -1.66361 -1.51358 -1.29003 -1.58699 -1.04399 -1.235 1.59416 1.60519 1.23911 
-0.247532 0.173213 0.122542 -0.615008 -0.52343 -0.856438 0 0.474447 -0.724524 -1.27578 -1.22245 -1.29731 -1.28666 -1.25974 -1.38683 -1.25983 -1.25425 -1.38399 -1.91372 -1.89056 -1.79502 -1.91765 -1.92867 -1.83344 -1.0846 -1.15386 -1.27395 -0.392605 0.361798 0.656286 2.05832 1.84327 1.59298 -0.996769 -0.896523 -1.1314 1.39149 -0.678642 1.78042 -0.413584 -1.28352 -1.23607 -0.56133 -0.817433 -1.20688 -1.33059 -0.739399 -0.881733 -0.268434 -0.902243 -0.246267 -0.586163 -0.135971 -0.917026 -0.222028 -0.571935 -1.29003 -1.58699 -1.04399 -1.235 1.84543 1.56487 1.01582 
-0.547042 -0.395157 -0.316397 -1.6115 -1.82653 -0.642216 0 1.0082 -0.724524 -1.25919 -1.27094 -1.31938 -1.38362 -1.39425 -1.44529 -1.3526 -1.37682 -1.43398 -1.83163 -1.87749 -1.56592 -1.8024 -1.92114 -1.6019 -1.0891 -1.11188 -1.20514 -0.157298 0.66433 0.845752 2.05832 1.6889 1.3705 -0.714368 -0.920239 -1.15154 1.16221 -0.678642 1.56408 -0.413584 -1.293 -1.23607 -0.56133 -0.817433 -1.19763 -1.33059 -0.739399 -0.881733 -0.671248 -0.902243 -0.378711 -0.586163 -0.658776 -0.917026 -0.273123 -0.571935 -1.29003 -1.58699 -1.04399 -1.235 1.84543 1.34604 0.672011 
-0.615184 -0.473787 -0.553013 -0.485896 -0.409312 -1.04872 0 1.54195 -0.724524 -1.21106 -1.25876 -1.28618 -1.39664 -1.43524 -1.40928 -1.38369 -1.43149 -1.40578 -1.53496 -1.69377 -1.278 -1.40679 -1.70142 -1.27696 -1.01644 -1.10487 -1.15533 0.230206 0.967106 1.03493 1.86229 1.42382 1.08725 -0.714368 -0.938025 -1.16664 0.953832 -0.678642 1.40454 -0.413584 -1.28299 -1.23607 -0.56133 -0.817433 -1.18891 -1.33059 -0.739399 -0.881733 -0.540723 -0.902243 0.0146937 -0.560717 -0.503794 -0.917026 0.112386 -0.555813 -1.29003 -1.58699 -1.04399 -1.235 1.59416 0.970268 0.234277 
-0.719233 -0.812219 -0.782001 -1.1573 -1.13482 -1.03693 0 2.07571 -0.724524 -1.14971 -1.23047 -1.23718 -1.4158 -1.44088 -1.34178 -1.38642 -1.42904 -1.32905 -1.46381 -1.75531 -1.23081 -1.41459 -1.77813 -1.2332 -0.839598 -1.02672 -1.04413 0.770464 1.26977 1.22379 1.47023 1.05651 0.752778 -0.714368 -0.951859 -1.17838 0.670775 -0.678642 1.24613 -0.413584 -1.2369 -1.21401 -0.56133 -0.817433 -1.16664 -1.30044 -0.739399 -0.881733 -0.674562 -0.902243 0.167487 -0.560717 -0.638561 -0.917026 0.308428 -0.555813 -1.29003 -1.58699 -1.04399 -1.235 1.09162 0.449567 -0.282615 
-0.624926 -0.535945 -0.534431 -0.895024 -0.857386 -0.821947 0 2.07571 -0.724524 -1.07302 -1.19864 -1.18375 -1.32379 -1.41077 -1.25626 -1.30831 -1.39918 -1.24531 -1.14869 -1.52849 -1.12401 -1.1235 -1.56035 -1.11985 -0.681927 -0.974825 -0.93896 1.4636 1.57227 1.41231 0.882137 0.677342 0.404925 -0.714368 -0.962927 -1.18778 0.525535 -0.678642 1.16025 -0.413584 -1.16834 -1.09099 -0.56133 -0.817433 -1.13919 -1.25614 -0.739399 -0.881733 -0.699456 -0.902243 0.108434 -0.560717 -0.658872 -0.917026 0.228952 -0.555813 -1.29003 -1.58699 -1.04399 -1.235 0.337816 -0.0879299 -0.820182 
-0.587552 -0.427213 -0.46606 -1.00257 -0.937837 -0.897086 22.8295 2.07571 -0.724524 -1.02276 -1.15777 -1.16074 -1.2969 -1.37149 -1.22822 -1.27771 -1.35629 -1.21635 -1.10188 -1.26849 -1.00028 -1.13432 -1.3153 -0.979664 -0.639073 -0.882917 -0.866124 2.14076 1.84092 1.57947 0.294046 0.250782 0.0911273 -0.714368 -1.06253 -1.19547 0.435656 -0.678642 1.17844 -0.413584 -1.10351 -1.05755 -0.72157 -0.817433 -1.10133 -1.17769 -0.793828 -0.881733 -0.752004 -0.902243 0.16687 -0.560717 -0.699709 -0.917026 0.312731 -0.555813 -1.25581 -1.33675 -1.04399 -1.235 -0.415989 -0.692614 -1.07957 
-0.770583 -1.01076 -0.928975 -1.60046 -1.68733 -0.982613 63.5796 2.07571 -1.28665 -0.936102 -1.08436 -1.12487 -1.30924 -1.30683 -1.16906 -1.29085 -1.29342 -1.15646 -0.80491 -0.722592 -0.770862 -0.883679 -0.782681 -0.732708 -0.583564 -0.784079 -0.776475 2.58452 2.01597 1.68252 -0.294046 -0.175777 -0.197129 -0.996769 -1.16214 -1.31462 0.20527 -0.678642 0.96968 -0.413584 -1.03946 -1.01424 -0.652987 -0.80224 -1.05442 -1.09332 -0.736407 -0.837174 -0.959679 -0.902243 -0.283298 -0.560717 -0.939884 -0.917026 -0.252388 -0.555813 -1.17049 -0.890068 -1.04399 -1.235 -0.415989 -0.692614 -0.634101 
-0.80081 -1.03347 -1.14651 -0.602408 -0.565946 -1.21008 104.703 2.07571 -0.724524 -0.885232 -1.00568 -0.997536 -1.27504 -1.17393 -0.999034 -1.26193 -1.16007 -0.986719 -0.870824 -0.41145 -0.530985 -1.04272 -0.465658 -0.492875 -0.435359 -0.620899 -0.666429 2.72588 2.07051 1.70814 -0.882137 -0.602337 -0.465737 -0.714368 -1.06253 -1.15959 0.00221962 -0.678642 0.779962 -0.413584 -0.96177 -0.89861 -0.78561 -0.80224 -0.9914 -0.954028 -0.782129 -0.837174 -0.884701 -0.902243 -0.137428 -0.560717 -0.860075 -0.917026 -0.0848617 -0.555813 -1.04453 -0.439302 -1.04399 -1.235 0.337816 -0.0879299 -0.218997 
-0.866533 -1.40435 -1.37059 -1.05816 -1.15486 -1.07616 145.977 2.07571 -0.724524 -0.813611 -0.908694 -0.845868 -1.12005 -0.978644 -0.8041 -1.10697 -0.957828 -0.784891 -0.828393 -0.205724 -0.365754 -0.937356 -0.226927 -0.365125 -0.34393 -0.450911 -0.519459 2.56202 2.00372 1.66433 -1.47023 -1.0289 -0.718908 -0.714368 -1.06253 -0.990467 -0.258768 -0.678642 0.522245 -0.413584 -0.881314 -0.827275 -0.910236 -0.80224 -0.914612 -0.808925 -0.812217 -0.837174 -0.927541 -0.902243 -0.287002 -0.560717 -0.930933 -0.917026 -0.230536 -0.555813 -0.885887 0.0131191 -1.04399 -1.235 1.09162 0.516755 0.17225 
-0.782526 -1.01444 -1.01567 -0.879438 -0.924368 -0.848891 187.284 1.54195 -0.724524 -0.75561 -0.807491 -0.757438 -0.949057 -0.769683 -0.651697 -0.929845 -0.752796 -0.638196 -0.516068 -0.037358 -0.182466 -0.554267 0.00572792 -0.201234 -0.332141 -0.29229 -0.382495 2.09209 1.8153 1.55722 -1.86229 -1.4128 -0.92762 -0.714368 -1.06253 -0.877718 -0.403346 -0.678642 0.390009 -0.413584 -0.809329 -0.818077 -0.99607 -0.80224 -0.828025 -0.673524 -0.825205 -0.837174 -0.925388 -0.902243 -0.314823 -0.560717 -0.941554 -0.917026 -0.252491 -0.555813 -0.700642 0.465906 -1.04399 -1.235 1.59416 1.06097 0.494791 
-0.751178 -0.873422 -0.933438 -1.01235 -1.0395 -0.985038 205.796 1.0082 -0.724524 -0.675001 -0.733319 -0.697649 -0.76179 -0.637267 -0.552972 -0.747397 -0.614577 -0.530871 0.25352 0.173046 -0.0400237 0.256982 0.27574 -0.0446274 -0.237726 -0.161356 -0.20634 1.39984 1.53861 1.38246 -2.05832 -1.66874 -1.15239 -0.714368 -1.06253 -0.708594 -0.502394 -0.678642 0.308176 -0.413584 -0.733855 -0.744412 -1.00966 -0.80224 -0.736555 -0.561757 -0.82682 -0.837174 -0.951232 -0.902243 -0.373548 -0.560717 -0.975079 -0.917026 -0.296633 -0.555813 -0.517608 0.668818 -1.0086 -1.00343 1.84543 1.42378 0.842142 
-0.904277 -1.65025 -1.55973 -1.40021 -1.57108 -0.872355 206.313 0.474447 -0.724524 -0.578409 -0.617159 -0.560405 -0.506587 -0.403071 -0.341361 -0.493338 -0.38642 -0.325413 1.23475 0.561326 0.250262 1.27768 0.74007 0.299732 -0.0932528 -0.0465696 0.000459442 0.720746 1.23351 1.19024 -2.05832 -1.7967 -1.31293 -0.714368 -0.962927 -0.595845 -0.738819 -0.678642 0.0984157 -0.413584 -0.649486 -0.631691 -1.02135 -0.80224 -0.642771 -0.463774 -0.81575 -0.837174 -1.05067 -0.902243 -0.605637 -0.560717 -1.11021 -0.917026 -0.556247 -0.555813 -0.354395 0.674485 -0.92035 -0.590094 1.84543 1.60519 1.09025 
-0.903228 -1.54078 -1.66628 -0.72184 -0.76348 -1.14756 206.479 -0.0593059 -0.724524 -0.458075 -0.386568 -0.291598 -0.0927241 -0.0333736 -0.0492775 -0.0693209 -0.00939863 -0.0288263 1.61328 0.774523 0.497149 1.66985 0.936148 0.609927 0.062014 0.114874 0.236215 0.188769 0.926891 0.996931 -1.86229 -1.7967 -1.40926 -0.996769 -0.763717 -0.483096 -0.930548 -0.678642 -0.0864561 -0.413584 -0.556403 -0.510548 -1.009 -0.80224 -0.542233 -0.325964 -0.805315 -0.837174 -1.01294 -0.902243 -0.521845 -0.560717 -1.07952 -0.917026 -0.469979 -0.555813 -0.208205 0.6763 -0.790063 -0.172973 1.59416 1.60519 1.23911 
-0.881625 -1.47341 -1.46682 -1.09068 -1.08842 -0.988953 206.404 -0.593059 -0.724524 -0.312628 -0.130319 -0.0266758 0.346893 0.327182 0.229158 0.379184 0.356133 0.254795 2.1188 1.17747 0.768237 2.22663 1.27623 0.890723 0.252227 0.29454 0.494687 -0.192604 0.619789 0.803619 -1.47023 -1.66874 -1.44137 -0.996769 -0.464902 -0.370347 -1.09152 -0.678642 -0.324078 -0.413584 -0.452151 -0.362139 -0.952179 -0.777178 -0.434172 -0.1726 -0.778673 -0.805912 -1.04443 -0.902243 -0.569721 -0.560717 -1.10984 -0.917026 -0.546571 -0.555813 -0.0767017 0.6763 -0.625962 0.24568 1.09162 1.42378 1.28874 
-0.791721 -1.06525 -1.03586 -0.162101 -0.133317 -0.856066 206.287 -0.593059 -0.724524 -0.196984 -0.00608849 0.121612 0.598955 0.545335 0.435428 0.634728 0.567095 0.456177 1.93196 1.29458 0.935215 2.04543 1.33006 1.05856 0.50352 0.47687 0.685139 -0.421869 0.312697 0.610641 -0.980152 -1.45546 -1.44137 -0.996769 -0.265692 -0.144849 -1.17034 -0.678642 -0.455713 -0.413584 -0.332064 -0.166074 -0.86763 -0.63743 -0.319414 -0.0169607 -0.745832 -0.759976 -0.916005 -0.56521 -0.567314 -0.560717 -0.975064 -0.59035 -0.558052 -0.555813 0.042178 0.6763 -0.434349 0.664672 0.46345 1.12144 1.28874 
-0.716845 -0.759094 -0.829196 0.526514 0.611129 -0.755305 206.036 -0.593059 -0.724524 -0.165373 0.0380148 0.21659 0.668259 0.635174 0.572206 0.707548 0.662831 0.599692 1.26845 1.13025 0.871751 1.46863 1.17445 1.00206 0.718512 0.671454 0.837305 -0.498285 0.00615038 0.418348 -0.588091 -1.24218 -1.40926 -0.996769 -0.0664823 0.0806491 -1.19415 -0.678642 -0.545894 -0.413584 -0.201853 0.00166755 -0.787691 -0.599448 -0.197783 0.149138 -0.700536 -0.678618 -0.688176 0.257516 -0.596197 -0.560717 -0.731858 0.30218 -0.594291 -0.555813 0.150045 0.6763 -0.245023 0.852439 -0.0390862 0.819097 1.23911 
-0.837913 -1.28857 -1.21183 0.532191 0.488331 -0.567541 205.79 -0.593059 -0.724524 -0.0631543 0.185206 0.378901 0.909504 0.856879 0.767944 0.939486 0.877614 0.789147 0.274016 0.808609 0.794145 0.582231 0.923198 0.933018 0.80945 0.905838 0.974131 -0.505629 -0.266115 0.226978 -0.294046 -1.0289 -1.34504 -0.714368 0.132727 0.306147 -1.29503 -0.678642 -0.761152 -0.413584 -0.0744513 0.0726194 -0.708714 -0.550249 -0.0667895 0.349211 -0.64441 -0.591126 -0.479283 0.2643 -0.707327 -0.560717 -0.528842 0.30218 -0.740355 -0.555813 0.248339 0.6763 -0.0761991 0.857683 -0.415989 0.516755 1.13987 
-0.750399 -0.870119 -0.936357 0.22766 0.183072 -0.615189 205.473 -0.593059 -0.724524 0.401521 0.560568 0.664292 1.32703 1.13681 0.98219 1.37603 1.16464 1.00546 -0.54808 0.50157 0.70192 -0.24829 0.686733 0.826855 0.887832 1.10916 1.10198 -0.510279 -0.478528 0.0372355 -0.0980152 -0.815617 -1.24872 -0.149568 0.232332 0.531645 -1.32757 -0.678642 -0.935716 -0.413584 0.049365 0.133775 -0.612914 -0.418892 0.0698643 0.522771 -0.569018 -0.446678 -0.332827 0.2643 -0.665162 -0.560717 -0.388107 0.30218 -0.707179 -0.555813 0.338205 0.6763 0.0750161 0.859363 -0.667257 0.214412 0.991007 
-0.637726 -0.589041 -0.547324 -0.209528 -0.107099 -0.409319 205.133 -0.593059 -0.724524 0.899333 0.910835 0.890737 1.61068 1.34416 1.14052 1.63964 1.36476 1.15889 -0.595854 0.560037 0.848729 -0.513394 0.750767 0.928988 0.966581 1.31836 1.22806 -0.512773 -0.629547 -0.151263 -9.44607e-18 -0.602337 -1.12028 0.697633 0.431542 0.813518 -1.31884 -0.678642 -1.08228 -0.413584 0.170058 0.195217 -0.513705 -0.337857 0.211958 0.701343 -0.47715 -0.296203 -0.260144 0.2643 -0.700353 -0.560717 -0.300026 0.30218 -0.739955 -0.555813 0.420637 0.6763 0.21104 0.859363 -0.792891 -0.0879299 0.79252 
-0.531458 -0.336363 -0.312033 -0.564443 -0.450527 -0.0856883 204.767 -0.593059 -0.724524 1.00016 1.03818 0.982253 1.56496 1.39381 1.20836 1.56315 1.40966 1.22241 -0.514539 0.644524 0.9807 -0.676515 0.765451 0.987377 1.01956 1.4065 1.31843 -0.513614 -0.718758 -0.338485 -9.44607e-18 -0.389057 -0.95973 1.26243 0.829962 1.03902 -1.27737 -0.678642 -1.15404 -0.413584 0.285855 0.236555 -0.424941 -0.327408 0.349756 0.776584 -0.373559 -0.15579 -0.241495 0.2643 -0.556828 -0.190115 -0.26583 0.30218 -0.594274 -0.212741 0.496475 0.6763 0.334007 0.859363 -0.792891 -0.390272 0.544412 
-0.650773 -0.590508 -0.615705 -0.0694501 0.180959 -0.177998 204.391 -0.593059 -0.724524 0.928233 1.10165 1.04013 1.39131 1.43345 1.26723 1.40933 1.45463 1.28237 -0.0461946 0.721939 1.09981 -0.353407 0.788428 1.06277 1.07895 1.46368 1.39704 -0.512127 -0.745755 -0.524601 -9.44607e-18 -0.218433 -0.799182 1.82723 1.22838 1.26451 -1.27134 -0.678642 -1.17572 -0.413584 0.397809 0.282887 -0.331875 -0.243726 0.481489 0.825387 -0.264125 -0.0398862 -0.159169 0.2643 -0.302217 0.714551 -0.150753 0.30218 -0.331385 0.724587 0.566446 0.6763 0.445581 0.859363 -0.792891 -0.632146 0.296304 
-0.560191 -0.410541 -0.363285 0.102726 0.262244 -0.0905821 204.045 -0.593059 -0.162393 1.18069 1.27365 1.1625 1.63957 1.55534 1.37031 1.62598 1.56476 1.37837 0.449105 0.7172 1.14826 0.0877184 0.698927 1.07553 1.42707 1.54497 1.45003 -0.50871 -0.743809 -0.688714 -9.44607e-18 -0.0904652 -0.638634 2.10964 1.5272 1.43364 -1.24364 -0.678642 -1.26757 -0.413584 0.528536 0.554504 -0.22784 -0.115677 0.609493 0.894781 -0.151922 0.0617238 -0.060901 0.2643 -0.0687665 0.72201 -0.0335412 0.30218 -0.111938 0.724587 0.631195 0.6763 0.547255 0.859363 -0.792891 -0.813551 0.048196 
0.422381 0.813317 0.812441 0.532852 0.484072 -0.0972833 203.693 -0.593059 0.399737 1.69371 1.53254 1.30728 1.60596 1.53251 1.39224 1.61146 1.54641 1.40041 0.830167 0.627621 1.10882 0.514832 0.554375 1.02298 1.80696 1.60583 1.46241 -0.505456 -0.738315 -0.814447 -9.44607e-18 -0.00515332 -0.478087 1.82723 1.6268 1.49001 -1.07275 -0.0841742 -1.29719 -0.413584 0.678452 0.850904 -0.11306 0.021939 0.732776 0.94673 -0.0316401 0.204635 0.0832236 0.265089 0.0949074 0.72201 0.102868 0.30218 0.0401879 0.724587 0.691262 0.6763 0.64021 0.859363 -0.792891 -0.934488 -0.199912 
0.700419 0.979535 1.02855 0.645411 0.278164 0.337139 203.454 -0.593059 0.961868 1.73392 1.55098 1.29302 1.2697 1.36214 1.31406 1.25657 1.35982 1.31111 0.807977 0.594105 1.12525 0.6975 0.522136 1.09013 2.17099 1.6463 1.44485 -0.500862 -0.730692 -0.925524 -9.44607e-18 0.0375026 -0.317539 0.980034 1.6268 1.43364 -0.894201 0.213939 -1.28924 -0.413584 0.8445 1.13493 0.0154915 0.190528 0.850479 0.981274 0.0976427 0.363677 0.231054 0.399569 0.176134 0.72201 0.205703 0.30218 0.135397 0.724587 0.74718 0.6763 0.725476 0.859363 -0.792891 -0.994957 -0.44802 
-0.0474803 0.403293 0.361997 0.477661 0.185425 0.637984 203.269 -0.593059 0.399737 1.45506 1.44151 1.26326 0.951231 1.17454 1.21344 0.950129 1.17141 1.21289 0.487197 0.446395 1.00494 0.745131 0.428604 1.03937 2.13266 1.61918 1.39218 -0.495326 -0.721558 -0.978545 -9.44607e-18 0.0375026 -0.156992 0.697633 1.5272 1.3531 -0.791084 0.213939 -1.25149 -0.413584 0.997172 1.13493 0.16357 0.413254 0.958877 0.981274 0.234937 0.525078 0.350145 0.399569 0.196976 0.72201 0.291235 0.30218 0.172361 0.724587 0.799383 0.6763 0.803921 0.859363 -0.792891 -0.994957 -0.696128 
-0.561776 -0.411339 -0.385497 0.45522 0.547845 0.753817 203.273 -0.593059 0.399737 1.5144 1.44288 1.35755 0.997425 1.12734 1.23283 1.02595 1.13178 1.23273 0.0461902 0.480266 0.941724 0.550188 0.5015 0.99543 1.97124 1.53853 1.33217 -0.489077 -0.711657 -0.993386 -9.44607e-18 0.0375026 -0.0285537 0.697633 1.5272 1.34257 -0.781939 0.213939 -1.246 -0.413584 1.12944 1.13493 0.324132 0.603806 1.05557 0.981274 0.380455 0.697324 0.459303 0.399569 0.28898 0.72201 0.411814 0.30218 0.296753 0.724587 0.848326 0.6763 0.876297 0.859363 -0.792891 -0.994957 -0.894615 
0.106986 0.54395 0.545434 0.487128 0.766042 1.43315 203.323 -0.593059 0.399737 1.76616 1.53876 1.45461 1.10459 1.15434 1.25533 1.10886 1.14416 1.24971 0.0515632 0.690031 0.877007 0.501503 0.657227 0.878347 1.60202 1.33605 1.19828 -0.482555 -0.701695 -0.991265 -9.44607e-18 0.0375026 0.0677749 0.697633 1.5272 1.34908 -0.673819 0.213939 -1.22077 -0.413584 1.2296 1.13493 0.481229 0.684406 1.1344 0.981274 0.537174 0.904804 0.565278 0.399569 0.3988 0.72201 0.548667 0.487908 0.423451 0.724587 0.89433 0.6763 0.943272 0.859363 -0.792891 -0.994957 -1.04348 
1.92165 1.58494 1.6144 0.857638 1.16229 1.41245 202.828 -0.593059 0.399737 1.79433 1.48969 1.31752 0.880533 0.986749 1.09903 0.892185 0.97998 1.09746 0.231088 0.913252 0.722096 0.463677 0.764391 0.623386 0.951311 1.02675 1.0234 -0.47121 -0.691092 -0.988129 -9.44607e-18 0.0375026 0.131994 0.980034 1.6268 1.37726 -0.466791 1.29974 -1.06518 0.289504 1.28267 1.13493 0.633906 0.753877 1.19079 0.981274 0.700665 1.08479 0.703689 0.653128 0.559868 0.722879 0.719035 0.962971 0.5709 0.724587 0.937366 0.6763 1.0054 0.859363 -0.792891 -0.994957 -1.14272 
1.96892 1.5985 1.63849 0.906683 0.965915 1.8447 202.915 -0.593059 0.399737 1.24516 1.09203 1.02314 0.659494 0.726726 0.880888 0.650576 0.705225 0.86803 0.486024 0.991276 0.609099 0.330705 0.75645 0.454028 0.34583 0.691738 0.78047 -0.457083 -0.718181 -0.984429 -9.44607e-18 0.0375026 0.164103 1.82723 1.6268 1.43364 -0.270262 1.32406 -0.902623 0.642087 1.29546 1.13493 0.782731 0.823674 1.22522 0.981274 0.870665 1.26997 0.839165 0.711725 0.725077 0.870752 0.859657 0.962971 0.682059 0.724587 0.977988 0.6763 1.06324 0.859363 -0.792891 -0.994957 -1.19234 
0.626704 0.963689 0.954473 0.697667 0.671534 1.28022 203.086 -0.593059 1.524 0.758152 0.828826 0.882511 0.48327 0.530389 0.721965 0.473859 0.511206 0.708458 0.754753 0.915743 0.504531 0.198206 0.684874 0.339005 -0.0362547 0.416254 0.576092 -0.442278 -0.714767 -0.981064 -9.44607e-18 0.0375026 0.164103 2.10964 1.44973 1.33968 -0.145278 1.32406 -0.808738 0.642087 1.28468 1.13493 0.925519 0.870634 1.24278 0.981274 1.03552 1.348 0.94651 0.711725 0.858168 0.870752 0.963302 0.962971 0.774513 0.724587 1.01644 0.6763 1.11724 0.859363 -0.792891 -0.994957 -1.19234 
0.0634729 0.474549 0.531847 0.624421 0.771056 1.03865 203.463 -0.593059 1.524 0.529181 0.884065 0.9538 0.344744 0.494524 0.685952 0.317055 0.470667 0.667621 0.965088 0.867241 0.585242 0.187938 0.614141 0.37875 -0.062982 0.293005 0.459777 -0.428482 -0.712791 -0.978578 -9.44607e-18 0.0375026 0.164103 1.54483 1.07897 1.13767 -0.0725028 1.32406 -0.800412 0.642087 1.27293 1.13493 1.06357 0.923265 1.25286 0.981274 1.19313 1.39861 1.04103 0.711725 0.980159 0.870752 1.07094 0.962971 0.904851 0.724587 1.05299 0.6763 1.16787 0.859363 -0.792891 -0.994957 -1.19234 
0.795459 1.06235 1.0417 1.02243 1.02985 1.3612 203.967 -0.593059 1.524 0.33645 0.917971 1.00492 0.0942569 0.424516 0.64653 0.0528932 0.39347 0.621347 1.0918 0.878491 0.707439 0.300177 0.618628 0.467141 -0.176894 0.144469 0.329806 -0.416654 -0.713115 -0.977796 -9.44607e-18 0.0375026 0.164103 0.980034 0.716128 0.942374 0.0496258 1.32406 -0.701971 0.642087 1.25535 1.13493 1.22477 1.23182 1.25477 0.981274 1.34627 1.47057 1.16774 0.850018 1.09859 0.870752 1.1972 0.962971 1.05278 0.919637 1.08786 0.6763 1.21545 0.859363 -0.792891 -0.994957 -1.19234 
2.65589 1.83016 1.82781 1.59738 1.586 1.16715 205.172 -0.593059 1.524 -0.0146313 0.483039 0.668278 -0.084928 0.194681 0.437438 -0.12573 0.170499 0.417551 0.976788 0.698809 0.65623 0.362717 0.44521 0.384918 -0.226585 0.00868622 0.227509 -0.410077 -0.718191 -0.981006 -9.44607e-18 0.0375026 0.164103 0.697633 0.464744 0.757143 0.23318 1.73954 -0.513478 1.92629 1.23592 1.13493 1.40963 1.56852 1.24977 0.981274 1.49376 1.52444 1.34027 1.53694 1.25327 1.14956 1.36784 1.47097 1.23694 1.41854 1.1215 0.6763 1.25997 0.859363 -0.792891 -0.994957 -1.19234 
2.16059 1.67039 1.66512 1.73607 1.3626 1.70837 205.867 -0.593059 2.08613 -0.50011 -0.0361152 0.225259 -0.211452 0.0127069 0.208518 -0.250917 -0.0123107 0.184181 0.69523 0.436155 0.453528 0.418752 0.28534 0.272764 -0.317706 -0.221048 0.0314559 -0.507837 -0.729664 -0.989492 -9.44607e-18 0.0375026 0.164103 -0.149568 0.132727 0.418896 0.393823 1.73954 -0.334543 1.95505 1.21256 1.13493 1.61438 1.89117 1.23378 0.981274 1.63458 1.56026 1.51648 1.70264 1.40468 1.214 1.51004 1.47097 1.38894 1.41854 1.15377 0.6763 1.30199 0.859363 -0.792891 -0.994957 -1.19234 
0.73561 1.02478 0.997328 1.49084 1.07875 1.74905 206.548 -0.593059 1.524 -0.32241 -0.0677143 0.15162 -0.15922 -0.00945687 0.116248 -0.183584 -0.0276232 0.0964453 0.347362 0.270858 0.272039 0.502771 0.298128 0.302335 -0.440086 -0.512222 -0.232431 -0.539524 -0.749656 -1.00566 -9.44607e-18 0.0375026 0.164103 -0.926169 -0.0166799 0.179304 0.492491 1.73954 -0.220749 1.95505 1.18391 1.13493 1.80264 1.89117 1.20467 0.981274 1.76427 1.56026 1.66286 1.70264 1.52464 1.214 1.6206 1.47097 1.50097 1.41854 1.18476 0.677056 1.34176 0.859363 -0.792891 -0.994957 -1.19234 
0.192465 0.596419 0.621132 1.26075 1.23543 1.60822 207.007 -0.593059 1.524 0.442366 0.353865 0.500726 0.17191 0.154148 0.233508 0.124497 0.116991 0.20196 0.258973 0.316478 0.248135 0.639399 0.39688 0.367551 -0.813748 -0.790259 -0.49265 -0.589778 -0.784132 -1.03524 -9.44607e-18 0.0375026 0.164103 -0.808502 -0.132886 0.0242746 0.551394 1.73954 -0.154489 1.95505 1.13747 1.13493 1.96574 1.89117 1.164 0.981274 1.87995 1.56026 1.78284 1.70264 1.63027 1.214 1.73921 1.47097 1.61732 1.41854 1.21447 0.682092 1.37957 0.859363 -0.792891 -0.994957 -1.19234 
0.961805 1.15528 1.11134 1.44244 1.4907 1.33635 207.354 -0.593059 1.524 1.20145 0.781186 0.88406 0.392923 0.219222 0.309678 0.357652 0.18469 0.277359 0.332684 0.471548 0.369258 0.776577 0.559345 0.508409 -1.17567 -1.00248 -0.719441 -0.680981 -0.851487 -1.09593 -9.44607e-18 0.0375026 0.164103 -0.573168 -0.166087 -0.0602872 0.652243 1.73954 -0.0432941 1.95505 1.07507 1.13493 2.08925 1.89117 1.11556 0.981274 1.97426 1.56026 1.91223 1.70264 1.77188 1.36606 1.87347 1.47097 1.7538 1.41854 1.24295 0.685891 1.41564 0.859363 -0.792891 -0.994957 -1.19234 
2.50842 1.78132 1.75086 1.90504 1.98222 0.96012 207.592 -0.593059 2.08613 0.323609 0.136829 0.32106 0.153304 0.0202381 0.0972788 0.122441 -0.0114376 0.0687037 0.137513 0.290121 0.221666 0.467672 0.339767 0.297931 -0.93183 -0.829371 -0.682961 -0.932192 -1.04653 -1.2771 -9.44607e-18 0.0375026 0.164103 -0.714368 -0.863322 -0.65222 0.797427 1.73954 0.123827 2.44645 1.02744 1.13493 2.15468 1.89117 1.07703 0.981274 2.04172 1.56026 2.07305 1.90451 1.96469 2.1214 2.04147 1.946 1.93826 1.95204 1.27023 0.688505 1.45043 0.859363 -0.792891 -0.994957 -1.19234 
1.73888 1.51507 1.4768 1.91852 1.90495 1.21535 181.796 -0.593059 1.524 0.385543 0.0564269 0.160034 0.16873 0.000122395 0.0395688 0.146419 -0.0252602 0.0132362 -0.0179207 0.076108 0.0581571 0.280531 0.177717 0.123523 -0.855675 -0.772337 -0.762125 -0.94115 -1.05352 -1.28069 -9.44607e-18 0.0375026 0.164103 -0.431968 -1.16214 -0.821343 0.797427 1.73954 0.270089 2.44645 1.02744 1.13493 2.17045 1.89117 1.07703 0.981274 2.08292 1.56026 2.07305 1.90451 2.16161 2.30361 2.04147 1.946 2.09196 1.95204 1.27023 0.688505 1.48381 0.859363 -0.792891 -0.994957 -1.19234 
