134 63
-0.421997 -2.06343 -1.53821 -2.6465 -2.52979 -0.53763 0 0 -1.25032 -0.216139 -0.32985 -0.422803 0.193892 -0.0580267 -0.326905 0.0564035 -0.219389 -0.466999 0.432513 0.315296 0.034617 0.362106 0.206655 -0.0453 -0.250775 -0.284503 -0.363608 -0.123636 -0.177619 -0.231454 0 0 0 -0.331746 -0.048939 -0.317295 -2.34082 -2.73312 -2.07652 -2.34909 -0.55664 -0.666219 -0.442491 -0.555401 -0.398586 -0.639654 -0.271615 -0.527088 -2.59115 -3.14242 -2.24216 -2.59325 -2.60253 -3.05878 -2.25124 -2.54156 -0.610169 -0.686697 -0.557034 -0.628671 0 0 0 
-0.422026 -2.12751 -1.6764 -2.53574 -2.35663 -0.537636 0 0 -1.36643 -0.21606 -0.329822 -0.422802 0.318721 -0.00963238 -0.325954 0.0847826 -0.153656 -0.482823 0.69814 0.318162 0.0689205 0.570023 0.186163 -0.0221337 -0.234167 -0.276915 -0.358794 -0.123636 -0.177619 -0.231454 0 0 0 0.243281 -0.0887466 -0.10907 -2.39724 -2.73312 -2.07652 -2.34909 -0.493713 -0.652179 -0.442491 -0.555401 -0.373481 -0.633524 -0.271615 -0.527088 -2.51768 -3.05403 -2.24216 -2.59325 -2.48066 -2.92236 -2.25124 -2.54156 -0.610169 -0.686697 -0.557034 -0.628671 0 0 0 
-0.421931 -1.87346 -1.46215 -2.45486 -2.40638 -0.537635 0 0 -1.25032 -0.216021 -0.329796 -0.422767 0.37966 0.0362357 -0.262004 0.175165 -0.0334613 -0.416255 0.784091 0.245432 0.093772 0.589848 0.100711 -0.0389234 -0.212981 -0.268508 -0.354354 -0.123636 -0.177619 -0.231454 0 0 0 0.884657 -0.0290352 0.235803 -2.26693 -2.5509 -2.07652 -2.34909 -0.419223 -0.634268 -0.442491 -0.555401 -0.346572 -0.626733 -0.271615 -0.527088 -2.45743 -2.98949 -2.24216 -2.59325 -2.46339 -2.92236 -2.25124 -2.54156 -0.610169 -0.686697 -0.557034 -0.628671 0 0 0 
-0.42173 -1.64689 -1.16995 -2.39538 -2.3859 -0.536233 0 0 -1.0181 -0.216156 -0.329871 -0.422718 0.169476 -0.119568 -0.3253 -0.0304413 -0.166069 -0.5577 0.789112 0.182034 0.168343 0.672907 0.0913863 0.0674418 -0.191399 -0.259834 -0.349928 -0.123636 -0.177619 -0.231454 0 0 0 1.06896 -0.141823 0.463549 -2.10203 -2.33356 -2.07652 -2.34909 -0.34109 -0.616022 -0.442491 -0.555401 -0.31877 -0.619726 -0.271615 -0.527088 -2.40758 -2.94203 -2.24216 -2.59325 -2.44754 -2.92236 -2.25124 -2.54156 -0.610169 -0.686697 -0.557034 -0.628671 0 0 0 
-0.421663 -1.61317 -1.12013 -1.98629 -1.83947 -0.531114 0 0 -0.553675 -0.216381 -0.330018 -0.422518 -0.0727236 -0.321897 -0.383576 -0.301795 -0.414601 -0.713494 0.638111 0.0750896 0.24131 0.56769 0.0292249 0.165894 -0.173432 -0.252602 -0.346514 -0.123636 -0.177619 -0.231454 0 0 0 0.763017 -0.31764 0.583929 -1.99122 -2.30122 -2.07652 -2.34909 -0.266979 -0.600833 -0.442491 -0.555401 -0.292518 -0.613884 -0.271615 -0.527088 -2.26913 -2.61558 -2.24216 -2.59325 -2.28422 -2.51496 -2.25124 -2.54156 -0.610169 -0.686697 -0.557034 -0.628671 0 0 0 
-0.421751 -1.6882 -1.36524 -1.52337 -1.55085 -0.524609 0 0 -0.205354 -0.216531 -0.330139 -0.417405 -0.223426 -0.488761 -0.292292 -0.399038 -0.609042 -0.703352 0.260492 -0.161913 0.290611 0.165078 -0.197223 0.230224 -0.161207 -0.248136 -0.344846 -0.123636 -0.177619 -0.231454 0 0 0 0.110582 -0.566438 0.541634 -1.93936 -2.30122 -2.07652 -2.34909 -0.202133 -0.590498 -0.442491 -0.555401 -0.270092 -0.610276 -0.271615 -0.527088 -2.07448 -2.24618 -2.24216 -2.59325 -2.10763 -2.28758 -2.25124 -2.54156 -0.610169 -0.686697 -0.557034 -0.628671 0 0 0 
-0.421832 -1.76272 -1.59981 -1.53208 -1.59501 -0.507651 0 0 0.142968 -0.216635 -0.330196 -0.393986 -0.361071 -0.581764 -0.0932955 -0.331458 -0.652976 -0.538131 -0.29571 -0.390731 0.344889 -0.36004 -0.387827 0.321437 -0.161291 -0.248063 -0.345578 -0.123636 -0.177619 -0.231454 0 0 0 -0.951007 -0.758841 0.398479 -1.92107 -2.30122 -2.1296 -2.34909 -0.155905 -0.590498 -0.442491 -0.555401 -0.254005 -0.610217 -0.271615 -0.527088 -1.9371 -2.24618 -2.17522 -2.51709 -1.99037 -2.28758 -2.1402 -2.42318 -0.610169 -0.686697 -0.557034 -0.628671 0 0 0 
-0.421907 -1.85558 -1.56369 -1.8532 -1.90085 -0.499399 0 0 0.142968 -0.216713 -0.330174 -0.352212 -0.492107 -0.570421 0.161777 -0.28557 -0.643573 -0.312497 -0.743289 -0.444671 0.495373 -0.677921 -0.417788 0.486848 -0.172799 -0.253463 -0.349646 -0.123636 -0.177619 -0.231454 0 0 0 0.0663493 -0.884898 0.255324 -1.92779 -2.30122 -2.00699 -2.18386 -0.132135 -0.590498 -0.442491 -0.555401 -0.246405 -0.610217 -0.271615 -0.527088 -1.88731 -2.24618 -2.12032 -2.46147 -1.95624 -2.28758 -2.12446 -2.42318 -0.610169 -0.686697 -0.557034 -0.628671 0 0 0 
-0.421928 -1.8911 -1.4829 -2.14931 -2.02027 -0.497268 0 0 -0.437568 -0.216738 -0.329988 -0.302386 -0.533548 -0.467576 0.446432 -0.275576 -0.682683 -0.0861461 -0.995011 -0.32452 0.748549 -0.904965 -0.303756 0.731813 -0.18843 -0.259162 -0.35403 -0.123636 -0.177619 -0.231454 0 0 0 0.995239 -0.785379 0.268338 -1.93996 -2.30122 -1.85185 -1.9868 -0.126808 -0.590498 -0.442491 -0.555401 -0.244684 -0.610217 -0.271615 -0.527088 -1.89223 -2.24618 -2.07489 -2.42057 -1.94837 -2.28758 -2.11002 -2.42318 -0.610169 -0.686697 -0.557034 -0.628671 0 0 0 
-0.421897 -1.85273 -1.36625 -2.36894 -2.1686 -0.496922 0 0 -1.0181 -0.216703 -0.329446 -0.248447 -0.530805 -0.31108 0.734693 -0.313246 -0.663024 0.129962 -1.10833 -0.101796 1.06609 -1.03574 -0.104756 1.02495 -0.204388 -0.263823 -0.357441 -0.123636 -0.177619 -0.231454 0 0 0 1.17217 -0.391727 0.485239 -1.94294 -2.30122 -1.74759 -1.95747 -0.134639 -0.590498 -0.442491 -0.555401 -0.246391 -0.610217 -0.271615 -0.527088 -1.9253 -2.24618 -1.94874 -2.13927 -1.96295 -2.28758 -1.96119 -2.06965 -0.610169 -0.686697 -0.557034 -0.628671 0 0 0 
-0.421863 -1.81394 -1.28613 -2.42836 -2.44545 -0.496368 0 0 -1.25032 -0.216683 -0.320317 -0.211345 -0.588992 -0.0160068 0.998656 -0.471695 -0.514557 0.318151 -1.04298 0.282385 1.40044 -0.936933 0.299619 1.33556 -0.218163 -0.26717 -0.360088 -0.123636 -0.177619 -0.231454 0 0 0 0.641377 0.130195 0.860478 -1.93918 -2.30122 -1.6988 -1.95747 -0.150536 -0.590498 -0.442491 -0.555401 -0.249801 -0.610217 -0.271615 -0.527088 -1.95953 -2.24618 -1.77137 -1.82096 -2.0103 -2.28758 -1.80029 -1.87234 -0.610169 -0.686697 -0.557034 -0.628671 0 0 0 
-0.42184 -1.78973 -1.24445 -2.51054 -2.53962 -0.494781 0 0 -1.59864 -0.21671 -0.279098 -0.188667 -0.658078 0.319262 1.23739 -0.722279 -0.333776 0.4875 -0.688784 0.701588 1.71979 -0.556999 0.745199 1.68699 -0.230143 -0.273024 -0.362427 -0.123636 -0.177619 -0.231454 0 0 0 -0.552911 0.587982 1.2858 -1.93248 -2.30122 -1.68158 -1.95747 -0.171349 -0.590498 -0.370051 -0.539157 -0.25587 -0.610217 -0.242063 -0.520025 -1.99713 -2.24618 -1.64619 -1.82096 -2.0608 -2.28758 -1.69344 -1.87234 -0.610169 -0.686697 -0.557034 -0.628671 0 0 0 
-0.421904 -1.87372 -1.36326 -2.54069 -2.30366 -0.490191 0 0 -1.48253 -0.216637 -0.205645 -0.16977 -0.579987 0.685273 1.47518 -1.01708 -0.140352 0.666692 -0.0993371 1.18225 2.03739 -0.0347774 1.2019 2.01676 -0.2383 -0.279593 -0.364938 -0.123636 -0.177619 -0.231454 0 0 0 0.0663493 1.08558 1.69338 -1.9382 -2.30122 -1.68791 -1.95747 -0.193716 -0.590498 -0.284299 -0.518434 -0.264349 -0.610217 -0.210387 -0.5122 -2.03203 -2.24618 -1.60082 -1.82096 -2.07799 -2.28758 -1.66234 -1.87234 -0.610169 -0.686697 -0.557034 -0.628671 0 0 0 
-0.421966 -1.99432 -1.55748 -2.49876 -2.34642 -0.487254 0 0 -1.48253 -0.216144 -0.118021 -0.156322 -0.305877 1.12655 1.72204 -1.22604 0.174264 0.88136 0.554101 1.68056 2.32737 0.508424 1.63963 2.29147 -0.245337 -0.287467 -0.368821 -0.123636 -0.177619 -0.231454 0 0 0 1.7472 1.62298 2.05427 -1.95826 -2.30122 -1.69936 -1.95747 -0.216696 -0.590498 -0.194353 -0.497323 -0.275339 -0.610217 -0.17766 -0.504127 -2.05797 -2.24618 -1.6053 -1.82096 -2.09703 -2.28758 -1.65517 -1.87234 -0.610169 -0.686697 -0.557034 -0.628671 0 0 0 
-0.422008 -2.08892 -1.78087 -2.55103 -2.282 -0.486769 0 0 -0.901997 -0.214639 -0.0231133 -0.145503 0.160384 1.63546 1.98149 -1.01583 0.628049 1.13638 1.20338 2.18932 2.59488 1.12882 2.10243 2.55089 -0.253104 -0.295521 -0.373109 -0.123636 -0.177619 -0.231454 0 0 0 3.07418 2.08077 2.31155 -1.98676 -2.30122 -1.70217 -1.95747 -0.240535 -0.590498 -0.109038 -0.479749 -0.288415 -0.610217 -0.146758 -0.497396 -2.08507 -2.24618 -1.63544 -1.82096 -2.10747 -2.28758 -1.66845 -1.87234 -0.610169 -0.686697 -0.557034 -0.628671 0 0 0 
-0.422048 -2.22354 -1.95987 -2.56411 -2.41265 -0.487047 0 0 -0.321461 -0.18963 0.0422185 -0.1391 1.08033 2.16172 2.24175 -0.222966 1.14744 1.40558 2.11575 2.73464 2.85823 2.10837 2.60256 2.78608 -0.259782 -0.30285 -0.377486 -0.123636 -0.177619 -0.231454 0 0 0 3.69344 2.45894 2.33757 -2.02651 -2.30122 -1.69862 -1.95747 -0.264558 -0.590498 -0.0343877 -0.467792 -0.302888 -0.610217 -0.120359 -0.493239 -2.10987 -2.24618 -1.66662 -1.82096 -2.12811 -2.28758 -1.7116 -1.87234 -0.610169 -0.686697 -0.557034 -0.628671 0 0 0 
-0.422015 -2.11737 -1.84162 -2.0772 -2.04249 -0.488171 0 0 0.491289 -0.0769972 0.0821781 -0.136321 2.21874 2.65449 2.45516 0.781533 1.62867 1.63743 3.07047 3.24507 3.03158 3.07299 3.12052 2.93946 -0.264061 -0.309074 -0.384739 -0.123636 -0.177619 -0.231454 0 0 0 3.56075 2.63807 2.15538 -2.05059 -2.30122 -1.69233 -1.95747 -0.287662 -0.590498 0.0188294 -0.467792 -0.31808 -0.610217 -0.101421 -0.493171 -2.09375 -2.24618 -1.70089 -1.82096 -2.11567 -2.28758 -1.75762 -1.87234 -0.610169 -0.686697 -0.557034 -0.628671 0 0 0 
-0.421734 -1.67252 -1.80352 -1.29196 -1.33533 -0.492049 0 0 0.955718 0.123435 0.115423 -0.135015 3.25178 3.04774 2.58513 1.79696 2.05076 1.82468 3.75075 3.59944 3.08448 3.73636 3.50268 2.9996 -0.263504 -0.311535 -0.391833 -0.123636 -0.177619 -0.231454 0 0 0 2.85302 2.59827 1.85605 -2.02847 -2.30122 -1.6977 -1.95747 -0.307964 -0.590498 0.0461932 -0.467792 -0.332489 -0.610217 -0.0924755 -0.493171 -2.02156 -2.06152 -1.73269 -1.82096 -2.04932 -2.1178 -1.77328 -1.87234 -0.610169 -0.686697 -0.557034 -0.628671 0 0 0 
-0.420755 -1.21143 -1.92097 -0.717276 -0.759441 -0.490752 0 0 1.30404 0.361892 0.138862 -0.134131 3.96889 3.27932 2.64343 2.89746 2.49121 2.02326 4.08594 3.72895 3.04382 4.13394 3.65827 2.97637 -0.25889 -0.313921 -0.399249 -0.123636 -0.177619 -0.231454 0 0 0 1.96836 2.39923 1.50467 -1.96595 -1.91585 -1.71658 -1.95747 -0.324289 -0.590498 0.0523252 -0.467792 -0.346212 -0.610217 -0.0904494 -0.493171 -1.91684 -1.60293 -1.75632 -1.82096 -1.94729 -1.66413 -1.79062 -1.87234 -0.610169 -0.686697 -0.557034 -0.628671 0 0 0 
-0.418357 -0.829588 -1.28812 -0.447213 -0.335569 -0.490777 0 0 1.53625 0.618688 0.157154 -0.132117 4.36666 3.37319 2.67438 3.81089 2.8629 2.2141 4.2145 3.70014 2.98604 4.30836 3.67032 2.90496 -0.252798 -0.317015 -0.407023 -0.123636 -0.177619 -0.231454 0 0 0 0.818308 1.96134 1.10124 -1.87606 -1.54958 -1.74339 -1.95747 -0.336673 -0.590498 0.0433101 -0.467792 -0.359587 -0.610217 -0.0924587 -0.493171 -1.80468 -1.38742 -1.78102 -1.82096 -1.82564 -1.33021 -1.80015 -1.87234 -0.610169 -0.686697 -0.557034 -0.628671 0 0 0 
-0.360844 0.228625 -0.234708 0.701139 1.0621 -0.488952 0 0 1.42015 0.770297 0.158715 -0.134033 4.19073 3.23788 2.58733 4.00892 2.96039 2.25518 3.91337 3.47579 2.87175 3.92686 3.42062 2.74238 -0.247884 -0.321178 -0.414917 -0.123636 -0.177619 -0.231454 0 0 0 -0.0663493 1.26471 0.736845 -1.706 -0.5345 -1.78079 -1.95747 -0.346104 -0.590498 0.0250098 -0.467792 -0.372999 -0.610217 -0.0964728 -0.493171 -1.63066 -0.471058 -1.80362 -1.82096 -1.6219 -0.229152 -1.81895 -1.87234 -0.610169 -0.686697 -0.557034 -0.628671 0 0 0 
-0.146058 0.799819 0.195594 1.39441 1.52382 -0.486576 0 0 1.07183 0.741651 0.113207 -0.16027 3.3471 2.8302 2.32637 3.56622 2.79457 2.12575 3.04306 2.99807 2.64044 3.03215 2.87451 2.45175 -0.246377 -0.327017 -0.422852 -0.123636 -0.177619 -0.231454 0 0 0 -0.597144 0.587982 0.437521 -1.50568 0.0134105 -1.80345 -1.95747 -0.354159 -0.590498 0.00104986 -0.467792 -0.386948 -0.610217 -0.103617 -0.493171 -1.43066 0.0821604 -1.78893 -1.82096 -1.40713 0.134584 -1.80762 -1.87234 -0.610169 -0.686697 -0.557034 -0.628671 0 0 0 
0.0694915 1.01869 0.339737 1.7118 1.59178 -0.484433 0 0 1.18793 0.519339 0.000810933 -0.224424 2.24581 2.27352 1.95592 2.95536 2.52165 1.90926 2.00985 2.34507 2.29113 2.06899 2.2182 2.10203 -0.248387 -0.333968 -0.429596 -0.123636 -0.177619 -0.231454 0 0 0 -0.862541 -0.048939 0.203268 -1.30602 0.22336 -1.78264 -1.95747 -0.362176 -0.590498 -0.0246977 -0.467792 -0.401684 -0.610217 -0.113598 -0.493171 -1.22974 0.335435 -1.72315 -1.66182 -1.20689 0.188124 -1.74716 -1.72501 -0.610169 -0.686697 -0.557034 -0.628671 0 0 0 
0.164044 1.08538 0.608832 1.79796 1.66526 -0.484279 0 0 1.42015 0.144455 -0.158533 -0.315234 1.15467 1.64785 1.53905 2.20741 2.14108 1.64537 0.999186 1.64597 1.8668 1.14167 1.59513 1.70119 -0.25958 -0.341557 -0.435815 -0.123636 -0.177619 -0.231454 0 0 0 -0.951007 -0.68586 -0.0830415 -1.11811 0.287329 -1.72381 -1.60805 -0.373059 -0.590498 -0.051152 -0.467792 -0.417284 -0.610217 -0.126534 -0.493171 -1.04081 0.404189 -1.62773 -1.26666 -1.01902 0.246007 -1.65419 -1.33133 -0.610169 -0.686697 -0.557034 -0.628671 0 0 0 
0.212443 1.11571 0.813549 1.82004 1.89033 -0.483273 0 0 1.30404 -0.300987 -0.3368 -0.417866 0.159815 1.03756 1.12214 1.23398 1.68053 1.34261 0.0454124 1.00261 1.42133 0.245656 0.970335 1.26419 -0.273389 -0.349506 -0.442041 -0.123636 -0.177619 -0.231454 0 0 0 -0.685609 -0.68586 -0.447435 -0.943091 0.31642 -1.63924 -1.27594 -0.387257 -0.590498 -0.0785957 -0.467792 -0.433739 -0.610217 -0.141927 -0.493171 -0.865815 0.421808 -1.52553 -1.08095 -0.833515 0.423313 -1.54334 -1.04156 -0.610169 -0.686697 -0.557034 -0.628671 0 0 0 
0.0145081 0.973828 0.792473 1.66713 1.61105 -0.484088 0 0 1.53625 -0.705673 -0.490676 -0.507335 -0.733922 0.451005 0.731398 0.340961 1.16911 1.0412 -0.823895 0.397051 0.962527 -0.620186 0.363182 0.824825 -0.289857 -0.358208 -0.448272 -0.123636 -0.177619 -0.231454 0 0 0 -0.154815 -0.0887466 -0.824843 -0.791147 0.31642 -1.47923 -0.355552 -0.405162 -0.590498 -0.10625 -0.467792 -0.451144 -0.610217 -0.158964 -0.493171 -0.712084 0.421808 -1.36696 -0.291314 -0.677394 0.423313 -1.35768 -0.0861024 -0.610169 -0.686697 -0.557034 -0.628671 0 0 0 
-0.155086 0.786641 0.726007 1.37122 1.72116 -0.485761 0 0 1.42015 -0.954332 -0.591645 -0.565668 -1.25916 -0.129045 0.373016 -0.250331 0.635937 0.762044 -1.35713 -0.180053 0.526238 -1.19774 -0.25821 0.380543 -0.307157 -0.367004 -0.454222 -0.123636 -0.177619 -0.231454 0 0 0 0.508678 0.46856 -0.850871 -0.662667 0.31642 -1.29075 0.141249 -0.426597 -0.590498 -0.132847 -0.467792 -0.469414 -0.610217 -0.176848 -0.493171 -0.58428 0.421808 -1.18472 0.1854 -0.527098 0.423313 -1.16199 0.229535 -0.610169 -0.686697 -0.557034 -0.628671 0 0 0 
-0.199595 0.717587 0.728368 1.27949 1.62995 -0.486468 0 0 1.07183 -1.03499 -0.662927 -0.606572 -1.59506 -0.700489 0.0148905 -0.721815 0.115305 0.464156 -1.72304 -0.721154 0.113281 -1.75274 -0.865734 -0.0820298 -0.32368 -0.37561 -0.45978 -0.123636 -0.177619 -0.231454 0 0 0 0.995239 0.806924 -0.512506 -0.547706 0.31642 -1.1029 0.331615 -0.450973 -0.590498 -0.156219 -0.467792 -0.488413 -0.610217 -0.193809 -0.493171 -0.469951 0.421808 -1.00165 0.403649 -0.392123 0.423313 -0.979529 0.275995 -0.610169 -0.686697 -0.557034 -0.628671 0 0 0 
-0.263838 0.587949 0.733508 0.982986 1.19551 -0.496874 0 0 0.955718 -0.984917 -0.718406 -0.638464 -1.82639 -1.19638 -0.347472 -1.20762 -0.418602 0.116919 -1.89469 -1.16047 -0.274209 -2.09044 -1.36274 -0.486741 -0.336126 -0.383035 -0.463827 -0.123636 -0.177619 -0.231454 0 0 0 1.17217 1.00596 -0.226196 -0.448545 0.31642 -0.926101 0.389617 -0.476919 -0.590498 -0.175012 -0.467792 -0.507796 -0.610217 -0.209963 -0.493171 -0.37707 0.421808 -0.829487 0.462895 -0.287541 0.423313 -0.808344 0.326225 -0.610169 -0.686697 -0.557034 -0.628671 0 0 0 
-0.294854 0.50525 0.716244 0.731495 1.03287 -0.501733 0 0 0.723504 -0.850707 -0.75891 -0.662197 -1.85105 -1.57688 -0.697236 -1.53648 -0.97047 -0.236687 -1.75124 -1.45827 -0.623261 -2.15613 -1.7365 -0.847339 -0.342141 -0.387713 -0.466081 -0.123636 -0.177619 -0.231454 0 0 0 1.17217 1.08558 -0.00495713 -0.360849 0.31642 -0.761434 0.415994 -0.502656 -0.590498 -0.189268 -0.467792 -0.526919 -0.610217 -0.225707 -0.493171 -0.301502 0.421808 -0.670033 0.478078 -0.197562 0.423313 -0.639307 0.480084 -0.610169 -0.686697 -0.557034 -0.628671 0 0 0 
-0.346863 0.307352 0.48405 0.649749 0.665293 -0.506317 0 0 -0.0892466 -0.657337 -0.785853 -0.678934 -1.71841 -1.84398 -1.0334 -1.67005 -1.37575 -0.593899 -1.44657 -1.69764 -0.944723 -2.00501 -1.99648 -1.1681 -0.344889 -0.390759 -0.467381 -0.123636 -0.177619 -0.231454 0 0 0 0.818308 0.846732 0.0601132 -0.290052 0.31642 -0.618475 0.415994 -0.527403 -0.590498 -0.200126 -0.467792 -0.545458 -0.610217 -0.241495 -0.493171 -0.234307 0.421808 -0.529954 0.478078 -0.130076 0.423313 -0.49705 0.480084 -0.610169 -0.686697 -0.557034 -0.628671 0 0 0 
-0.389374 -0.00305437 0.157401 0.322404 0.154492 -0.512133 0 0 -0.205354 -0.511729 -0.790259 -0.687651 -1.51139 -1.88993 -1.33573 -1.62346 -1.52583 -0.925529 -1.12317 -1.76999 -1.22045 -1.73556 -1.99699 -1.42674 -0.343841 -0.391668 -0.467673 -0.123636 -0.177619 -0.231454 0 0 0 0.110582 0.349137 0.021071 -0.24076 0.31642 -0.497591 0.415994 -0.550356 -0.590498 -0.209398 -0.467792 -0.563026 -0.610217 -0.257915 -0.493171 -0.184881 0.421808 -0.413499 0.478078 -0.0892757 0.423313 -0.360099 0.480084 -0.610169 -0.686697 -0.557034 -0.628671 0 0 0 
-0.406368 -0.277202 -0.0136665 -0.126274 -0.205713 -0.515483 0 0 0.142968 -0.417387 -0.755014 -0.691256 -1.27185 -1.81008 -1.56894 -1.45411 -1.58055 -1.17859 -0.820375 -1.67455 -1.40491 -1.26036 -1.86338 -1.59172 -0.338749 -0.39052 -0.467212 -0.123636 -0.177619 -0.231454 0 0 0 -0.464445 -0.0290352 -0.0700275 -0.209085 0.31642 -0.389427 0.415994 -0.570748 -0.590498 -0.218627 -0.467792 -0.579299 -0.610217 -0.275261 -0.493171 -0.156488 0.421808 -0.309323 0.478078 -0.0663109 0.423313 -0.237109 0.480084 -0.610169 -0.686697 -0.557034 -0.628671 0 0 0 
-0.410163 -0.389169 -0.188972 -0.0979042 -0.00334326 -0.521379 0 0 0.375182 -0.334088 -0.684827 -0.692603 -0.963582 -1.66646 -1.70052 -1.1992 -1.61982 -1.36628 -0.50426 -1.49723 -1.49578 -0.83409 -1.7019 -1.69388 -0.329239 -0.387388 -0.466303 -0.123636 -0.177619 -0.231454 0 0 0 -0.641377 -0.307688 -0.187154 -0.185072 0.31642 -0.29613 0.415994 -0.587822 -0.590498 -0.231155 -0.467792 -0.594006 -0.610217 -0.293625 -0.493171 -0.128658 0.421808 -0.224689 0.478078 -0.0363196 0.423313 -0.141813 0.480084 -0.610169 -0.686697 -0.557034 -0.628671 0 0 0 
-0.393692 -0.0642503 -0.0465928 0.458544 0.322469 -0.525187 0 0 0.259075 -0.280568 -0.602283 -0.694317 -0.727376 -1.5377 -1.79176 -0.93489 -1.59552 -1.56361 -0.389133 -1.38527 -1.57099 -0.690357 -1.58643 -1.79692 -0.320697 -0.382471 -0.464205 -0.123636 -0.177619 -0.231454 0 0 0 -0.729842 -0.646053 -0.330309 -0.146084 0.31642 -0.213619 0.415994 -0.60207 -0.590498 -0.2475 -0.467792 -0.606942 -0.610217 -0.312995 -0.493171 -0.0813279 0.421808 -0.155831 0.478078 0.00505998 0.423313 -0.0598238 0.480084 -0.610169 -0.686697 -0.557034 -0.628671 0 0 0 
-0.380075 0.0845141 0.0262612 0.712395 0.361412 -0.529738 0 0 0.259075 -0.249826 -0.517103 -0.698627 -0.637404 -1.47834 -1.89788 -0.726741 -1.58253 -1.76306 -0.578696 -1.35294 -1.69279 -0.673693 -1.4927 -1.89694 -0.31033 -0.375917 -0.461165 -0.123636 -0.177619 -0.231454 0 0 0 -0.995239 -0.94461 -0.434421 -0.101985 0.31642 -0.147008 0.415994 -0.613344 -0.590498 -0.268113 -0.467792 -0.617956 -0.610217 -0.333483 -0.493171 -0.027273 0.421808 -0.0946029 0.478078 0.0456632 0.423313 0.00166916 0.480084 -0.610169 -0.686697 -0.557034 -0.628671 0 0 0 
-0.393756 -0.0645412 -0.0252994 0.526943 0.195745 -0.53247 0 0 0.0268606 -0.240807 -0.461535 -0.698381 -0.622922 -1.44115 -1.91496 -0.588515 -1.59314 -1.86016 -0.831411 -1.3213 -1.74473 -0.711571 -1.40546 -1.87407 -0.298555 -0.368176 -0.457209 -0.123636 -0.177619 -0.231454 0 0 0 -0.774075 -0.825187 -0.564562 -0.067364 0.31642 -0.100631 0.415994 -0.621597 -0.590498 -0.292788 -0.467792 -0.626989 -0.610217 -0.35499 -0.493171 0.017211 0.421808 -0.0495667 0.478078 0.0777698 0.423313 0.0388469 0.480084 -0.610169 -0.686697 -0.557034 -0.628671 0 0 0 
-0.409355 -0.366893 -0.125213 -0.0309745 -0.031669 -0.532661 0 0 0.0268606 -0.240907 -0.426858 -0.677533 -0.655222 -1.35952 -1.84149 -0.626877 -1.55971 -1.86555 -0.97232 -1.24365 -1.7073 -0.818429 -1.25863 -1.78077 -0.288341 -0.360267 -0.452676 -0.123636 -0.177619 -0.231454 0 0 0 -0.464445 -0.546534 -0.668674 -0.0485757 0.31642 -0.0708287 0.415994 -0.627379 -0.590498 -0.320849 -0.467792 -0.63417 -0.610217 -0.377355 -0.493171 0.039877 0.421808 -0.0236947 0.478078 0.0997633 0.423313 0.0597725 0.480084 -0.610169 -0.686697 -0.557034 -0.628671 0 0 0 
-0.412713 -0.483109 -0.243049 -0.309242 -0.277554 -0.533224 0 0 -0.0892466 -0.241297 -0.395182 -0.636539 -0.692804 -1.19169 -1.70045 -0.792054 -1.44743 -1.83115 -1.01535 -1.07619 -1.60304 -0.888132 -1.07048 -1.65472 -0.279667 -0.352486 -0.447715 -0.123636 -0.177619 -0.231454 0 0 0 -0.0221164 -0.247977 -0.785801 -0.0359981 0.31642 -0.0482353 0.415994 -0.631179 -0.590498 -0.350718 -0.467792 -0.639663 -0.610217 -0.400172 -0.493171 0.0519155 0.421808 0.00166405 0.478078 0.111755 0.423313 0.0871007 0.480084 -0.610169 -0.686697 -0.557034 -0.628671 0 0 0 
-0.4088 -0.351102 -0.255757 -0.187342 -0.349879 -0.534271 0 0 -0.0892466 -0.24315 -0.372091 -0.587021 -0.759555 -1.01864 -1.54061 -0.930982 -1.31696 -1.76328 -1.02962 -0.899709 -1.44901 -0.803744 -0.902032 -1.48828 -0.273243 -0.346045 -0.44253 -0.123636 -0.177619 -0.231454 0 0 0 0.641377 0.05058 -0.94197 -0.0182382 0.31642 -0.0115525 0.415994 -0.633573 -0.590498 -0.380346 -0.467792 -0.643816 -0.610217 -0.422682 -0.493171 0.0673948 0.421808 0.0447914 0.478078 0.120603 0.423313 0.124806 0.480084 -0.610169 -0.686697 -0.557034 -0.628671 0 0 0 
-0.403543 -0.222063 -0.17482 -0.276813 -0.287941 -0.534475 0 0 0.491289 -0.242302 -0.355435 -0.534016 -0.818481 -0.904409 -1.39927 -1.06605 -1.26641 -1.68817 -0.881965 -0.764881 -1.27517 -0.642429 -0.752666 -1.30158 -0.268303 -0.340006 -0.43709 -0.123636 -0.177619 -0.231454 0 0 0 0.951007 0.0903875 -0.94197 0.00419736 0.31642 0.0299387 0.415994 -0.634936 -0.590498 -0.408835 -0.467792 -0.646792 -0.610217 -0.444505 -0.493171 0.0792241 0.421808 0.0940462 0.478078 0.131145 0.423313 0.161804 0.480084 -0.610169 -0.686697 -0.557034 -0.628671 0 0 0 
-0.404855 -0.245057 -0.110042 -0.365282 -0.246889 -0.53463 0 0 1.18793 -0.237572 -0.347743 -0.498664 -0.867293 -0.84942 -1.29254 -1.26988 -1.26782 -1.64369 -0.563052 -0.635748 -1.10423 -0.472803 -0.640098 -1.15423 -0.265555 -0.334661 -0.431806 -0.123636 -0.177619 -0.231454 0 0 0 0.552911 -0.208169 -0.889914 0.0246005 0.31642 0.0625128 0.415994 -0.635738 -0.590498 -0.435258 -0.467792 -0.648784 -0.610217 -0.465185 -0.493171 0.0876959 0.421808 0.13458 0.478078 0.14256 0.423313 0.19106 0.480084 -0.610169 -0.686697 -0.557034 -0.628671 0 0 0 
-0.413984 -0.52277 -0.411444 -0.358855 -0.381843 -0.534558 0 0 1.07183 -0.23392 -0.345106 -0.477202 -0.848484 -0.804074 -1.18707 -1.32941 -1.22574 -1.58826 -0.28286 -0.562014 -0.960944 -0.314842 -0.562984 -0.995508 -0.26444 -0.330219 -0.426549 -0.123636 -0.177619 -0.231454 0 0 0 -0.199048 -0.646053 -0.928956 0.0326821 0.31642 0.0801901 0.415994 -0.636307 -0.590498 -0.458733 -0.467792 -0.649999 -0.610217 -0.484341 -0.493171 0.0959719 0.421808 0.155233 0.478078 0.149028 0.423313 0.2111 0.480084 -0.610169 -0.686697 -0.557034 -0.628671 0 0 0 
-0.416656 -0.682626 -0.800376 -0.376515 -0.358839 -0.534741 0 0 0.955718 -0.229579 -0.342877 -0.458427 -0.69713 -0.723461 -1.04353 -1.05974 -1.09649 -1.45103 -0.135319 -0.567626 -0.8256 -0.191979 -0.524554 -0.8311 -0.263798 -0.326085 -0.421195 -0.123636 -0.177619 -0.231454 0 0 0 -0.729842 -1.00432 -0.954984 0.0339989 0.31642 0.092024 0.415994 -0.63674 -0.590498 -0.478387 -0.467792 -0.650538 -0.610217 -0.501653 -0.493171 0.103339 0.421808 0.166203 0.478078 0.155937 0.423313 0.222027 0.480084 -0.610169 -0.686697 -0.557034 -0.628671 0 0 0 
-0.415892 -0.640108 -0.684775 -0.452614 -0.314971 -0.534517 0 0 1.18793 -0.222818 -0.339993 -0.444696 -0.483156 -0.620676 -0.89308 -0.738422 -0.959967 -1.26495 0.0214754 -0.511257 -0.689004 -0.170801 -0.453466 -0.704653 -0.262808 -0.322906 -0.416878 -0.123636 -0.177619 -0.231454 0 0 0 -0.729842 -0.705764 -0.981012 0.036921 0.31642 0.108734 0.415994 -0.636986 -0.590498 -0.49479 -0.467792 -0.650586 -0.610217 -0.516881 -0.493171 0.108136 0.421808 0.180308 0.478078 0.163912 0.423313 0.230089 0.480084 -0.610169 -0.686697 -0.557034 -0.628671 0 0 0 
-0.416573 -0.681114 -0.748507 -0.364787 -0.369379 -0.534641 0 0 0.955718 -0.215655 -0.334391 -0.432982 -0.247387 -0.466731 -0.736383 -0.603979 -0.818923 -1.08198 0.185614 -0.361693 -0.556859 -0.171443 -0.340336 -0.580699 -0.261712 -0.320356 -0.413066 -0.123636 -0.177619 -0.231454 0 0 0 0.154815 -0.427111 -0.889914 0.0381463 0.31642 0.129843 0.415994 -0.637041 -0.590498 -0.507769 -0.467792 -0.650265 -0.610217 -0.529846 -0.493171 0.115257 0.421808 0.191086 0.478078 0.169875 0.423313 0.239695 0.480084 -0.610169 -0.686697 -0.557034 -0.628671 0 0 0 
-0.416728 -0.694278 -0.861236 -0.149494 -0.274888 -0.534405 0 0 0.375182 -0.207635 -0.327489 -0.425508 0.0135945 -0.30105 -0.591121 -0.360611 -0.663228 -0.909574 0.207137 -0.224961 -0.454914 -0.127369 -0.244265 -0.47429 -0.260625 -0.318833 -0.40965 -0.123636 -0.177619 -0.231454 0 0 0 0.464445 -0.347496 -0.811829 0.0388262 0.31642 0.14904 0.415994 -0.636919 -0.590498 -0.51727 -0.467792 -0.649742 -0.610217 -0.54048 -0.493171 0.128151 0.421808 0.198806 0.478078 0.178413 0.423313 0.250097 0.480084 -0.610169 -0.686697 -0.557034 -0.628671 0 0 0 
-0.416127 -0.648319 -0.65683 -0.192388 -0.245853 -0.534706 0 0 0.259075 -0.20104 -0.323333 -0.422089 0.23577 -0.1796 -0.486086 0.0120045 -0.537839 -0.787578 0.095592 -0.146643 -0.392787 -0.078432 -0.186158 -0.421165 -0.259233 -0.317553 -0.406642 -0.123636 -0.177619 -0.231454 0 0 0 0.287514 -0.327592 -0.824843 0.0411638 0.31642 0.156643 0.415994 -0.636582 -0.590498 -0.523926 -0.467792 -0.649066 -0.610217 -0.548933 -0.493171 0.139323 0.421808 0.206347 0.478078 0.187448 0.423313 0.25599 0.480084 -0.610169 -0.686697 -0.557034 -0.628671 0 0 0 
-0.410643 -0.396202 -0.358832 -0.146919 -0.258957 -0.535478 0 0 0.607396 -0.199644 -0.322255 -0.420409 0.289223 -0.138855 -0.429959 0.106653 -0.479541 -0.726765 -0.0838462 -0.134972 -0.350525 -0.0972173 -0.148991 -0.388321 -0.256377 -0.315832 -0.403883 -0.123636 -0.177619 -0.231454 0 0 0 0.287514 -0.307688 -0.8769 0.0524662 0.31642 0.157882 0.415994 -0.635816 -0.590498 -0.5283 -0.467792 -0.648184 -0.610217 -0.555399 -0.493171 0.151269 0.421808 0.21306 0.478078 0.195737 0.423313 0.262286 0.480084 -0.610169 -0.686697 -0.557034 -0.628671 0 0 0 
-0.403258 -0.214329 -0.374914 0.0725519 -0.318679 -0.534246 0 0 0.607396 -0.202031 -0.323154 -0.420399 0.190585 -0.164615 -0.43034 -0.0659077 -0.446831 -0.720184 -0.226132 -0.160109 -0.325428 -0.0472176 -0.132707 -0.336191 -0.253577 -0.31433 -0.401963 -0.123636 -0.177619 -0.231454 0 0 0 0.464445 -0.168362 -0.915942 0.0697217 0.31642 0.160632 0.415994 -0.634658 -0.590498 -0.531055 -0.467792 -0.647139 -0.610217 -0.560287 -0.493171 0.168561 0.421808 0.217431 0.478078 0.202014 0.423313 0.269552 0.480084 -0.610169 -0.686697 -0.557034 -0.628671 0 0 0 
-0.406103 -0.281131 -0.814689 -0.00987106 -0.336822 -0.532909 0 0 -0.0892466 -0.20523 -0.323044 -0.419795 0.0786392 -0.16635 -0.42221 -0.0492405 -0.341117 -0.653174 -0.352071 -0.163804 -0.278557 0.0466877 -0.102556 -0.264493 -0.251878 -0.31351 -0.400721 -0.123636 -0.177619 -0.231454 0 0 0 0.110582 -0.168362 -0.994026 0.083994 0.31642 0.161784 0.415994 -0.633292 -0.590498 -0.532625 -0.467792 -0.646029 -0.610217 -0.56379 -0.493171 0.183031 0.421808 0.223919 0.478078 0.207543 0.423313 0.274986 0.480084 -0.610169 -0.686697 -0.557034 -0.628671 0 0 0 
-0.410096 -0.390663 -0.778117 -0.156142 -0.194878 -0.532606 0 0 0.0268606 -0.208267 -0.32093 -0.416837 -0.0284081 -0.121202 -0.368424 0.0365031 -0.170026 -0.517292 -0.411069 -0.153811 -0.190394 0.0506634 -0.0603265 -0.194001 -0.251785 -0.312905 -0.39986 -0.123636 -0.177619 -0.231454 0 0 0 -0.508678 -0.387303 -0.837857 0.0940083 0.31642 0.162424 0.415994 -0.631965 -0.590498 -0.533549 -0.467792 -0.644884 -0.610217 -0.566135 -0.493171 0.193212 0.421808 0.235669 0.478078 0.216702 0.423313 0.282766 0.480084 -0.610169 -0.686697 -0.557034 -0.628671 0 0 0 
-0.411832 -0.448277 -0.402405 -0.398068 -0.0945915 -0.531968 0 0 -0.0892466 -0.210757 -0.318866 -0.413179 -0.126179 -0.0676534 -0.292419 -0.0930013 -0.0682526 -0.416833 -0.351603 -0.113434 -0.0858264 0.00070518 -0.0505016 -0.144168 -0.251365 -0.312217 -0.399365 -0.123636 -0.177619 -0.231454 0 0 0 -0.862541 -0.765475 -0.746759 0.10173 0.31642 0.164624 0.415994 -0.630628 -0.590498 -0.534203 -0.467792 -0.643697 -0.610217 -0.567566 -0.493171 0.196955 0.421808 0.245848 0.478078 0.228179 0.423313 0.290999 0.480084 -0.610169 -0.686697 -0.557034 -0.628671 0 0 0 
-0.409363 -0.365545 -0.34878 -0.65845 -0.191779 -0.530469 0 0 -0.205354 -0.212853 -0.317884 -0.410712 -0.204109 -0.0501873 -0.244933 -0.246033 -0.0724077 -0.370985 -0.177342 0.00590609 -0.00249644 -0.0267893 -0.044813 -0.119055 -0.251404 -0.311947 -0.399113 -0.123636 -0.177619 -0.231454 0 0 0 -0.729842 -0.845091 -0.629632 0.111864 0.31642 0.175258 0.415994 -0.629346 -0.590498 -0.534701 -0.467792 -0.64252 -0.610217 -0.5682 -0.493171 0.194162 0.421808 0.256734 0.478078 0.236697 0.423313 0.298552 0.480084 -0.610169 -0.686697 -0.557034 -0.628671 0 0 0 
-0.403098 -0.216154 -0.399079 -0.235474 -0.0356449 -0.529928 0 0 -0.205354 -0.215049 -0.319053 -0.409773 -0.245764 -0.0969447 -0.235935 -0.204062 -0.152847 -0.351137 0.0240112 0.105558 0.0413028 -0.0776209 -0.0446812 -0.120704 -0.253122 -0.31247 -0.398989 -0.123636 -0.177619 -0.231454 0 0 0 -0.154815 -0.407207 -0.499492 0.126413 0.31642 0.191493 0.415994 -0.628348 -0.590498 -0.534985 -0.467792 -0.641449 -0.610217 -0.568256 -0.493171 0.201672 0.421808 0.27249 0.478078 0.248901 0.423313 0.304271 0.480084 -0.610169 -0.686697 -0.557034 -0.628671 0 0 0 
-0.401313 -0.182492 -0.459846 0.0394419 0.00345253 -0.52957 0 0 0.259075 -0.214507 -0.32205 -0.408645 -0.236233 -0.180906 -0.225528 -0.11334 -0.193813 -0.326219 0.152666 0.102612 0.0502082 -0.165759 -0.0769881 -0.129583 -0.254785 -0.313217 -0.39913 -0.123636 -0.177619 -0.231454 0 0 0 0.287514 -0.00913141 -0.421407 0.1415 0.31642 0.204921 0.415994 -0.62761 -0.590498 -0.535048 -0.467792 -0.640505 -0.610217 -0.567878 -0.493171 0.215427 0.421808 0.285675 0.478078 0.261652 0.423313 0.30931 0.480084 -0.610169 -0.686697 -0.557034 -0.628671 0 0 0 
-0.40707 -0.303505 -0.612893 -0.0241461 -0.147757 -0.530707 0 0 0.607396 -0.212972 -0.323474 -0.404535 -0.212192 -0.235093 -0.176965 -0.126549 -0.174957 -0.275156 0.198589 0.0935164 0.0616108 -0.181908 -0.0951627 -0.125688 -0.254925 -0.313446 -0.399123 -0.123636 -0.177619 -0.231454 0 0 0 0.199048 0.189906 -0.356337 0.15232 0.31642 0.214343 0.415994 -0.626917 -0.590498 -0.534907 -0.467792 -0.639621 -0.610217 -0.567264 -0.493171 0.227219 0.421808 0.294953 0.478078 0.270222 0.423313 0.317655 0.480084 -0.610169 -0.686697 -0.557034 -0.628671 0 0 0 
-0.411306 -0.430378 -0.668795 -0.180029 -0.197583 -0.529411 0 0 0.491289 -0.210929 -0.321006 -0.399768 -0.170072 -0.224314 -0.107839 -0.0888021 -0.127154 -0.188256 0.255283 0.135736 0.0981986 -0.128505 -0.0659383 -0.0968454 -0.254121 -0.313678 -0.398965 -0.123636 -0.177619 -0.231454 0 0 0 0.154815 0.189906 -0.226196 0.158914 0.31642 0.221609 0.415994 -0.626142 -0.590498 -0.534519 -0.467792 -0.638793 -0.610217 -0.566467 -0.493171 0.235039 0.421808 0.298362 0.478078 0.277288 0.423313 0.328113 0.480084 -0.610169 -0.686697 -0.557034 -0.628671 0 0 0 
-0.410206 -0.393237 -0.50736 -0.205691 -0.141232 -0.527802 0 0 0.723504 -0.207242 -0.317631 -0.397265 -0.0995126 -0.190723 -0.0700451 0.0618954 -0.0705351 -0.129807 0.345149 0.167764 0.151225 -0.0219023 -0.0459162 -0.0941469 -0.254736 -0.314506 -0.398781 -0.123636 -0.177619 -0.231454 0 0 0 0.110582 0.150099 -0.122084 0.166394 0.31642 0.231144 0.415994 -0.625473 -0.590498 -0.533638 -0.467792 -0.638086 -0.610217 -0.565429 -0.493171 0.242017 0.421808 0.295817 0.478078 0.285457 0.423313 0.335875 0.480084 -0.610169 -0.686697 -0.557034 -0.628671 0 0 0 
-0.407202 -0.307223 -0.275753 0.0137974 -0.154667 -0.52802 0 0 0.491289 -0.205439 -0.314931 -0.395696 -0.0620451 -0.147517 -0.0623894 0.0464302 -0.0512544 -0.158052 0.316687 0.172968 0.18233 0.0427187 -0.0386708 -0.0918605 -0.256538 -0.315489 -0.398724 -0.123636 -0.177619 -0.231454 0 0 0 0.0221164 0.189906 -0.0439993 0.176148 0.31642 0.244832 0.415994 -0.625053 -0.590498 -0.532304 -0.467792 -0.637512 -0.610217 -0.564199 -0.493171 0.253615 0.421808 0.302661 0.478078 0.29304 0.423313 0.346996 0.480084 -0.610169 -0.686697 -0.557034 -0.628671 0 0 0 
-0.399822 -0.156467 -0.239169 0.217531 -0.0363709 -0.528255 0 0 0.607396 -0.207331 -0.311728 -0.393566 -0.095247 -0.102711 -0.0607776 -0.0749218 -0.0821448 -0.186652 0.254194 0.167462 0.157246 0.0835767 -0.0308712 -0.0863282 -0.25812 -0.316312 -0.398671 -0.123636 -0.177619 -0.231454 0 0 0 -0.0221164 0.249618 0.00805693 0.189935 0.31642 0.259027 0.415994 -0.624844 -0.590498 -0.530732 -0.467792 -0.637045 -0.610217 -0.562892 -0.493171 0.269264 0.421808 0.315194 0.478078 0.303103 0.423313 0.358614 0.480084 -0.610169 -0.686697 -0.557034 -0.628671 0 0 0 
-0.398519 -0.134611 -0.2937 0.198685 0.133361 -0.527621 0 0 0.723504 -0.209086 -0.306382 -0.390348 -0.120741 -0.0649482 -0.0673349 -0.122091 -0.18054 -0.181876 0.233897 0.169559 0.120101 0.075178 -0.0574505 -0.097746 -0.258466 -0.316802 -0.398792 -0.123636 -0.177619 -0.231454 0 0 0 -0.0221164 0.170003 0.00805693 0.203897 0.31642 0.269207 0.415994 -0.624684 -0.590498 -0.529205 -0.467792 -0.636646 -0.610217 -0.561545 -0.493171 0.284004 0.421808 0.325939 0.478078 0.316695 0.423313 0.366423 0.480084 -0.610169 -0.686697 -0.557034 -0.628671 0 0 0 
-0.403271 -0.220132 -0.401701 0.166182 0.0451572 -0.526061 0 0 0.955718 -0.205179 -0.301262 -0.3878 -0.0910164 -0.0345785 -0.0746287 -0.130917 -0.233352 -0.163323 0.21474 0.184246 0.0995694 0.0381189 -0.0664916 -0.107987 -0.260707 -0.317296 -0.399245 -0.123636 -0.177619 -0.231454 0 0 0 -0.154815 0.0704838 -0.0960556 0.215026 0.31642 0.275411 0.415994 -0.624799 -0.590498 -0.527666 -0.467792 -0.636311 -0.610217 -0.560147 -0.493171 0.297593 0.421808 0.333065 0.478078 0.327885 0.423313 0.372861 0.480084 -0.610169 -0.686697 -0.557034 -0.628671 0 0 0 
-0.40064 -0.169143 -0.367046 0.351905 0.146273 -0.526356 0 0 1.18793 -0.201186 -0.299169 -0.387207 -0.0848372 -0.0284267 -0.0916251 -0.14845 -0.201106 -0.139851 0.0533598 0.157617 0.0550534 -0.0446458 -0.0896045 -0.119162 -0.263021 -0.317351 -0.399687 -0.123636 -0.177619 -0.231454 0 0 0 -0.508678 -0.128554 -0.278253 0.22721 0.31642 0.282449 0.415994 -0.625184 -0.590498 -0.52619 -0.467792 -0.635993 -0.610217 -0.558762 -0.493171 0.314606 0.421808 0.339423 0.478078 0.340949 0.423313 0.380306 0.480084 -0.610169 -0.686697 -0.557034 -0.628671 0 0 0 
-0.403624 -0.225424 -0.476071 0.359012 0.132592 -0.528606 0 0 1.18793 -0.199005 -0.297284 -0.385833 -0.0853057 -0.0151339 -0.0817147 -0.134305 -0.16813 -0.107716 -0.189019 0.0701832 0.0198932 -0.151751 -0.131787 -0.135417 -0.262321 -0.316645 -0.400044 -0.123636 -0.177619 -0.231454 0 0 0 -0.818308 -0.407207 -0.434421 0.237495 0.31642 0.291626 0.415994 -0.625476 -0.590498 -0.525041 -0.467792 -0.635612 -0.610217 -0.557502 -0.493171 0.33124 0.421808 0.349992 0.478078 0.353315 0.423313 0.387215 0.480084 -0.610169 -0.686697 -0.557034 -0.628671 0 0 0 
-0.408564 -0.344562 -0.44335 0.230675 -0.0057267 -0.529203 0 0 1.18793 -0.189769 -0.290853 -0.381905 0.0262966 0.0632979 -0.0281132 -0.0228969 -0.10854 -0.0713911 -0.312228 0.0160011 0.00368672 -0.174748 -0.127707 -0.150201 -0.260598 -0.315463 -0.400145 -0.123636 -0.177619 -0.231454 0 0 0 -0.862541 -0.785379 -0.564562 0.244289 0.31642 0.304598 0.415994 -0.625561 -0.590498 -0.524191 -0.467792 -0.635124 -0.610217 -0.55639 -0.493171 0.344792 0.421808 0.364251 0.478078 0.362356 0.423313 0.396385 0.480084 -0.610169 -0.686697 -0.557034 -0.628671 0 0 0 
-0.401333 -0.183088 -0.200322 0.300084 0.0627724 -0.526931 0 0 1.07183 -0.167912 -0.281183 -0.379479 0.240103 0.158619 0.00679583 -0.00817255 -0.0401634 -0.0908691 -0.277477 -0.00751678 -0.0364735 -0.146619 -0.0988217 -0.164674 -0.259408 -0.31474 -0.400448 -0.123636 -0.177619 -0.231454 0 0 0 -0.597144 -0.984417 -0.772787 0.255124 0.31642 0.317735 0.415994 -0.625508 -0.590498 -0.523393 -0.467792 -0.63458 -0.610217 -0.555349 -0.493171 0.359312 0.421808 0.377682 0.478078 0.372566 0.423313 0.40877 0.480084 -0.610169 -0.686697 -0.557034 -0.628671 0 0 0 
-0.385141 0.0356269 -0.106327 0.316628 0.190525 -0.527021 0 0 0.723504 -0.155471 -0.277546 -0.380051 0.329327 0.173771 -0.0107763 -0.101314 -0.0320504 -0.135256 -0.216034 -0.0531064 -0.0700759 -0.0994675 -0.10851 -0.182083 -0.258043 -0.314861 -0.400767 -0.123636 -0.177619 -0.231454 0 0 0 -0.597144 -0.845091 -0.928956 0.271304 0.31642 0.328206 0.415994 -0.625306 -0.590498 -0.522501 -0.467792 -0.634063 -0.610217 -0.554375 -0.493171 0.373729 0.421808 0.390064 0.478078 0.385121 0.423313 0.418966 0.480084 -0.610169 -0.686697 -0.557034 -0.628671 0 0 0 
-0.382815 0.0591614 -0.147269 0.0883499 0.0858387 -0.527183 0 0 0.723504 -0.160936 -0.281159 -0.381678 0.256446 0.10969 -0.0499471 -0.213418 -0.0749718 -0.135713 -0.0987481 -0.1065 -0.0954228 -0.14085 -0.129585 -0.197653 -0.253954 -0.314412 -0.401205 -0.123636 -0.177619 -0.231454 0 0 0 -0.818308 -0.725668 -0.954984 0.287616 0.31642 0.339669 0.415994 -0.62466 -0.590498 -0.521731 -0.467792 -0.633518 -0.610217 -0.553543 -0.493171 0.383339 0.421808 0.405566 0.478078 0.395176 0.423313 0.43087 0.480084 -0.610169 -0.686697 -0.557034 -0.628671 0 0 0 
-0.388709 -0.00269937 -0.297582 0.000793326 0.0277612 -0.525896 0 0 0.839611 -0.165592 -0.283573 -0.382538 0.201063 0.0606275 -0.0755689 -0.287464 -0.107122 -0.117381 0.129696 -0.0959251 -0.113831 -0.106284 -0.122579 -0.203411 -0.250508 -0.314035 -0.40171 -0.123636 -0.177619 -0.231454 0 0 0 -1.03947 -0.646053 -0.785801 0.301906 0.31642 0.349346 0.415994 -0.623659 -0.590498 -0.521248 -0.467792 -0.632954 -0.610217 -0.552866 -0.493171 0.391015 0.421808 0.420724 0.478078 0.403776 0.423313 0.442137 0.480084 -0.610169 -0.686697 -0.557034 -0.628671 0 0 0 
-0.382342 0.0633732 -0.342998 0.110351 0.197292 -0.526677 0 0 0.839611 -0.165042 -0.283404 -0.383737 0.169409 0.0388076 -0.0953398 -0.274218 -0.0767492 -0.093618 0.287567 -0.072826 -0.116197 -0.0772127 -0.137656 -0.20644 -0.24898 -0.314044 -0.402273 -0.123636 -0.177619 -0.231454 0 0 0 -0.995239 -0.546534 -0.603604 0.317432 0.31642 0.355738 0.415994 -0.622523 -0.590498 -0.521008 -0.467792 -0.632406 -0.610217 -0.552317 -0.493171 0.400522 0.421808 0.433072 0.478078 0.415494 0.423313 0.450376 0.480084 -0.610169 -0.686697 -0.557034 -0.628671 0 0 0 
-0.356488 0.253624 -0.364765 0.44453 0.196455 -0.525731 0 0 0.955718 -0.170609 -0.288826 -0.38721 0.0525801 -0.0110426 -0.132873 -0.0778695 -0.0103633 -0.0486667 0.277053 -0.110752 -0.135089 -0.101218 -0.163692 -0.211697 -0.24858 -0.314431 -0.402473 -0.123636 -0.177619 -0.231454 0 0 0 -0.906774 -0.427111 -0.460449 0.337179 0.31642 0.365933 0.415994 -0.621377 -0.590498 -0.520823 -0.467792 -0.631908 -0.610217 -0.551847 -0.493171 0.415921 0.421808 0.446303 0.478078 0.42687 0.423313 0.45968 0.480084 -0.610169 -0.686697 -0.557034 -0.628671 0 0 0 
-0.357454 0.247891 -0.264321 0.650185 0.292658 -0.523865 0 0 1.07183 -0.187934 -0.298947 -0.39254 -0.0921003 -0.0941697 -0.192541 0.214229 0.0418951 -0.0241847 0.130241 -0.17583 -0.186806 -0.131739 -0.179777 -0.237396 -0.249279 -0.3149 -0.402508 -0.123636 -0.177619 -0.231454 0 0 0 -0.685609 -0.267881 -0.317295 0.356248 0.31642 0.381156 0.415994 -0.620335 -0.590498 -0.520955 -0.467792 -0.631467 -0.610217 -0.551453 -0.493171 0.434637 0.421808 0.459439 0.478078 0.43979 0.423313 0.471119 0.480084 -0.610169 -0.686697 -0.557034 -0.628671 0 0 0 
-0.378083 0.10194 -0.154445 0.681957 0.0796208 -0.52076 0 0 1.07183 -0.200339 -0.305375 -0.394943 -0.172961 -0.157835 -0.239847 0.379335 0.0664123 -0.0266401 -0.107978 -0.25562 -0.251107 -0.10335 -0.198511 -0.252795 -0.251854 -0.316347 -0.402828 -0.123636 -0.177619 -0.231454 0 0 0 -0.243281 -0.128554 -0.148112 0.371327 0.31642 0.396504 0.415994 -0.619585 -0.590498 -0.521399 -0.467792 -0.631167 -0.610217 -0.551078 -0.493171 0.453415 0.421808 0.468196 0.478078 0.448309 0.423313 0.480281 0.480084 -0.610169 -0.686697 -0.557034 -0.628671 0 0 0 
-0.382299 0.0637568 -0.277642 0.600402 0.0939438 -0.520502 0 0 0.955718 -0.200297 -0.307251 -0.394373 -0.172714 -0.184469 -0.26206 0.429748 0.0908173 0.00309987 -0.321337 -0.304391 -0.314995 -0.0406512 -0.176115 -0.260676 -0.256877 -0.31863 -0.40325 -0.123636 -0.177619 -0.216805 0 0 0 0.110582 -0.0290352 -0.0439993 0.385108 0.31642 0.409948 0.415994 -0.619362 -0.590498 -0.521734 -0.467792 -0.631077 -0.610217 -0.55063 -0.493171 0.470251 0.421808 0.47519 0.478078 0.456869 0.423313 0.488118 0.480084 -0.610169 -0.686697 -0.557034 -0.628671 0 0 0 
-0.366079 0.193596 -0.12876 0.34864 0.198952 -0.52121 0 0 0.375182 -0.201542 -0.312828 -0.394675 -0.187925 -0.244165 -0.285371 0.408844 0.081221 0.0546461 -0.49277 -0.335662 -0.35653 -0.0461263 -0.169473 -0.282824 -0.261747 -0.321344 -0.403612 -0.123636 -0.177619 -0.162873 0 0 0 0.0663493 -0.048939 0.021071 0.401535 0.31642 0.424556 0.415994 -0.619631 -0.590498 -0.521832 -0.467792 -0.631225 -0.610217 -0.550056 -0.493171 0.482249 0.421808 0.483853 0.478078 0.467148 0.423313 0.498795 0.480084 -0.610169 -0.686697 -0.557034 -0.628671 0 0 0 
-0.343915 0.32015 0.265495 0.284482 0.311541 -0.522483 0 0 0.375182 -0.220961 -0.324334 -0.397762 -0.299086 -0.352885 -0.319405 0.219099 0.0266405 0.0309268 -0.630121 -0.35153 -0.34653 -0.0776817 -0.191555 -0.309102 -0.266911 -0.323187 -0.403808 -0.123636 -0.177619 -0.0696091 0 0 0 -0.154815 -0.168362 0.00805693 0.42043 0.31642 0.443136 0.415994 -0.620401 -0.590498 -0.521772 -0.467792 -0.631528 -0.610217 -0.549415 -0.493171 0.49283 0.421808 0.497885 0.478078 0.479219 0.423313 0.509162 0.480084 -0.610169 -0.686697 -0.557034 -0.628671 0 0 0 
-0.355085 0.261802 0.359557 0.239907 0.314537 -0.523928 0 0 0.375182 -0.237519 -0.335085 -0.403166 -0.392301 -0.438267 -0.367168 -0.14469 -0.0625277 -0.101588 -0.56559 -0.328421 -0.33165 -0.137062 -0.222341 -0.326625 -0.269096 -0.323145 -0.403764 -0.123636 -0.177619 0.0634346 0 0 0 -0.375979 -0.247977 -0.0179712 0.437522 0.31642 0.461077 0.415994 -0.621364 -0.590498 -0.521539 -0.467792 -0.631819 -0.610217 -0.548807 -0.493171 0.502382 0.421808 0.514938 0.478078 0.491034 0.423313 0.520934 0.480084 -0.610169 -0.686697 -0.557034 -0.628671 0 0 0 
-0.38081 0.0779051 0.13315 0.115417 0.285747 -0.522255 0 0 0.259075 -0.23622 -0.335344 -0.407733 -0.38074 -0.442284 -0.417532 -0.371821 -0.11954 -0.255476 -0.364691 -0.258612 -0.325628 -0.177411 -0.227796 -0.366261 -0.271542 -0.32303 -0.403516 -0.123636 -0.177619 0.236397 0 0 0 -0.685609 -0.287784 -0.0830415 0.450083 0.31642 0.475265 0.415994 -0.622536 -0.590498 -0.520795 -0.467792 -0.632094 -0.610217 -0.548166 -0.493171 0.509601 0.421808 0.53205 0.478078 0.502037 0.423313 0.528696 0.480084 -0.610169 -0.686697 -0.557034 -0.628671 0 0 0 
-0.377464 0.107255 -0.14876 0.387842 0.317396 -0.523147 0 0 0.375182 -0.232995 -0.330562 -0.411044 -0.358251 -0.414173 -0.460591 -0.38794 -0.0808669 -0.339053 -0.184665 -0.233696 -0.318645 -0.258279 -0.26244 -0.394333 -0.273291 -0.322955 -0.403496 -0.123636 -0.154256 0.435149 0 0 0 -0.951007 -0.3674 -0.135098 0.462976 0.31642 0.488231 0.415994 -0.623846 -0.590498 -0.519643 -0.467792 -0.632355 -0.610217 -0.547501 -0.493171 0.521157 0.421808 0.54739 0.478078 0.513322 0.423313 0.536496 0.480084 -0.610169 -0.686697 -0.557034 -0.628671 0 0 0 
-0.362721 0.215602 -0.165238 0.300499 0.245078 -0.524608 0 0 0.607396 -0.24285 -0.329552 -0.416211 -0.424288 -0.415523 -0.522905 -0.372021 -0.0163493 -0.378746 -0.124571 -0.268661 -0.326822 -0.326231 -0.305831 -0.420687 -0.273944 -0.322166 -0.4034 -0.123636 -0.0682449 0.635316 0 0 0 -1.03947 -0.387303 -0.161126 0.477906 0.31642 0.503687 0.415994 -0.625183 -0.590498 -0.518336 -0.467792 -0.632546 -0.610217 -0.546856 -0.493171 0.530998 0.421808 0.558323 0.478078 0.523072 0.423313 0.545863 0.480084 -0.610169 -0.686697 -0.557034 -0.628671 0 0 0 
-0.375262 0.125526 -0.0323536 0.00379801 0.197611 -0.526338 0 0 0.491289 -0.245491 -0.328183 -0.421985 -0.440732 -0.411262 -0.598089 -0.264473 -0.0189602 -0.410324 -0.0432574 -0.22826 -0.327348 -0.30568 -0.311974 -0.441263 -0.271262 -0.320959 -0.400457 -0.123636 0.0804942 0.837004 0 0 0 -0.862541 -0.387303 -0.200168 0.490537 0.31642 0.521464 0.415994 -0.626241 -0.590498 -0.517016 -0.467792 -0.632634 -0.610217 -0.54627 -0.493171 0.535799 0.421808 0.567964 0.478078 0.531769 0.423313 0.556862 0.480084 -0.610169 -0.686697 -0.557034 -0.628671 0 0 0 
-0.383108 0.0559264 0.00801807 0.323682 0.21211 -0.524624 0 0 0.375182 -0.227181 -0.322525 -0.424949 -0.335403 -0.371188 -0.636133 -0.0683656 -0.141504 -0.448833 0.0585168 -0.155302 -0.298478 -0.253755 -0.30729 -0.45909 -0.266148 -0.319739 -0.396026 -0.123636 0.292675 1.03994 0 0 0 -0.729842 -0.447015 -0.252224 0.501388 0.31642 0.537546 0.415994 -0.626806 -0.590498 -0.515817 -0.467792 -0.632623 -0.610217 -0.545751 -0.493171 0.545596 0.421808 0.576668 0.478078 0.540502 0.423313 0.567628 0.480084 -0.610169 -0.686697 -0.557034 -0.628671 0 0 0 
-0.375256 0.125601 0.144045 0.464227 0.159824 -0.526735 0 0 0.375182 -0.206465 -0.320348 -0.425481 -0.213473 -0.358373 -0.641396 0.0916627 -0.31327 -0.526808 0.0862112 -0.140302 -0.276095 -0.170859 -0.31419 -0.47215 -0.261207 -0.317981 -0.384531 -0.123636 0.568519 1.24394 0 0 0 -0.641377 -0.546534 -0.291267 0.513441 0.31642 0.549364 0.415994 -0.626912 -0.590498 -0.514953 -0.467792 -0.632474 -0.610217 -0.545398 -0.493171 0.55738 0.421808 0.583246 0.478078 0.548152 0.423313 0.577654 0.480084 -0.610169 -0.686697 -0.557034 -0.628671 0 0 0 
-0.372285 0.148941 0.095331 0.501522 0.227293 -0.527798 0 0 0.259075 -0.19698 -0.324403 -0.426236 -0.170505 -0.398088 -0.648573 0.19525 -0.452516 -0.623178 0.0289686 -0.144747 -0.289391 -0.141769 -0.34009 -0.486829 -0.253185 -0.315339 -0.368498 -0.0634921 0.885492 1.44594 0 0 0 -0.641377 -0.606245 -0.343323 0.525693 0.31642 0.561495 0.415994 -0.6263 -0.590498 -0.514697 -0.467792 -0.632122 -0.610217 -0.545292 -0.493171 0.569469 0.421808 0.593776 0.478078 0.556738 0.423313 0.587937 0.480084 -0.610169 -0.686697 -0.557034 -0.628671 0 0 0 
-0.382049 0.0661195 0.00660859 0.315 0.219619 -0.528433 0 0 0.259075 -0.183869 -0.328187 -0.427371 -0.0992163 -0.436362 -0.660116 0.253368 -0.548684 -0.665677 0.0160954 -0.144304 -0.3293 -0.136935 -0.371496 -0.499806 -0.244502 -0.312227 -0.345963 0.157934 1.20472 1.64814 0 0 0 -0.685609 -0.68586 -0.434421 0.535965 0.31642 0.575542 0.415994 -0.624937 -0.590498 -0.515006 -0.467792 -0.63154 -0.610217 -0.545466 -0.493171 0.578399 0.421808 0.602743 0.478078 0.564999 0.423313 0.596821 0.480084 -0.610169 -0.686697 -0.557034 -0.628671 0 0 0 
-0.378378 0.0994769 0.221421 0.262895 0.319018 -0.524896 0 0 0.259075 -0.162978 -0.328634 -0.427178 0.0231185 -0.448911 -0.6583 0.15517 -0.615754 -0.693483 0.0880464 -0.162799 -0.359518 -0.165059 -0.390564 -0.513175 -0.23826 -0.305035 -0.317466 0.540845 1.52638 1.85029 0 0 0 -0.818308 -0.705764 -0.499492 0.546676 0.31642 0.587426 0.415994 -0.623062 -0.590498 -0.515892 -0.467792 -0.630424 -0.610217 -0.545822 -0.493171 0.586329 0.421808 0.607117 0.478078 0.574679 0.423313 0.604746 0.480084 -0.610169 -0.686697 -0.557034 -0.628671 0 0 0 
-0.369564 0.169106 0.239426 0.427547 0.288385 -0.519245 0 0 0.142968 -0.159456 -0.326821 -0.426747 0.045182 -0.447384 -0.65758 -0.199815 -0.679887 -0.759199 0.0451604 -0.161963 -0.354941 -0.207292 -0.411912 -0.537241 -0.23856 -0.297391 -0.279089 1.08708 1.85003 2.05249 0 0 0 -0.951007 -0.745572 -0.603604 0.558537 0.31642 0.597635 0.415994 -0.621255 -0.590498 -0.517001 -0.467792 -0.628758 -0.610217 -0.546166 -0.493171 0.596562 0.421808 0.616045 0.478078 0.583648 0.423313 0.612704 0.480084 -0.610169 -0.686697 -0.557034 -0.628671 0 0 0 
-0.352489 0.276043 0.224393 0.652645 0.36105 -0.51851 0 0 0.142968 -0.17879 -0.328692 -0.429147 -0.0801109 -0.460785 -0.680979 -0.63265 -0.780326 -0.841928 -0.0836922 -0.169901 -0.353474 -0.321858 -0.448932 -0.567839 -0.241016 -0.278334 -0.223364 1.79721 2.17536 2.25496 0 0 0 -0.995239 -0.825187 -0.746759 0.572247 0.31642 0.608975 0.415994 -0.619698 -0.590498 -0.518351 -0.467792 -0.625713 -0.610217 -0.546488 -0.493171 0.609919 0.421808 0.626782 0.478078 0.593565 0.423313 0.619674 0.480084 -0.610169 -0.686697 -0.557034 -0.628671 0 0 0 
-0.343476 0.322203 0.385789 0.634044 0.20793 -0.517795 24.3859 0 0.375182 -0.209734 -0.337433 -0.433439 -0.277639 -0.515437 -0.710863 -0.998492 -0.947202 -0.90394 -0.236602 -0.223524 -0.346443 -0.412752 -0.4692 -0.596976 -0.246155 -0.251513 -0.161683 2.55307 2.47416 2.44598 0 0 0 -0.995239 -0.845091 -0.915942 0.586555 0.31642 0.620504 0.415994 -0.618609 -0.590498 -0.519858 -0.467792 -0.620764 -0.610217 -0.546796 -0.493171 0.622706 0.421808 0.637798 0.478078 0.600867 0.423313 0.627498 0.480084 -0.599956 -0.531693 -0.557034 -0.628671 0 0 0 
-0.344725 0.316132 0.407547 0.38004 0.147224 -0.517407 89.7791 0 0.259075 -0.242945 -0.347636 -0.437417 -0.484747 -0.577953 -0.738919 -1.35064 -1.0973 -0.989317 -0.314026 -0.262636 -0.311607 -0.427861 -0.446197 -0.616017 -0.252111 -0.21374 -0.0821158 3.09332 2.68725 2.58365 0 0 0 -0.862541 -0.884898 -0.954984 0.600432 0.31642 0.630168 0.415994 -0.618039 -0.590498 -0.521398 -0.467792 -0.613178 -0.58249 -0.54702 -0.493171 0.631509 0.421808 0.645935 0.478078 0.60707 0.423313 0.635026 0.480084 -0.562884 -0.116036 -0.557034 -0.628671 0 0 0 
-0.346485 0.307494 0.128249 0.54926 0.190538 -0.517451 155.254 0 0.259075 -0.27891 -0.354714 -0.440818 -0.715075 -0.618994 -0.760336 -1.57782 -1.16126 -1.05119 -0.458982 -0.326901 -0.2945 -0.413867 -0.438652 -0.622521 -0.243847 -0.164787 0.000297117 3.31705 2.7749 2.6432 0 0 0 -0.862541 -0.94461 -0.889914 0.613841 0.31642 0.640246 0.415994 -0.616801 -0.590498 -0.522615 -0.467792 -0.602236 -0.542944 -0.547124 -0.493171 0.64256 0.421808 0.653161 0.478078 0.613801 0.423313 0.643846 0.480084 -0.499794 0.300142 -0.557034 -0.628671 0 0 0 
-0.364045 0.207534 -0.464836 0.524601 0.255091 -0.518342 221.475 0 0.259075 -0.303281 -0.362357 -0.442213 -0.871275 -0.671556 -0.773281 -1.45483 -1.09374 -0.98517 -0.564224 -0.413652 -0.315034 -0.419707 -0.456952 -0.611911 -0.225899 -0.0965333 0.124487 3.2211 2.73645 2.62361 0 0 0 -0.862541 -1.00432 -0.837857 0.62507 0.31642 0.651405 0.415994 -0.614127 -0.590498 -0.523266 -0.467792 -0.586673 -0.487807 -0.547111 -0.493171 0.653022 0.421808 0.662485 0.478078 0.621363 0.423313 0.652019 0.480084 -0.411223 0.721057 -0.557034 -0.628671 0 0 0 
-0.386347 0.0230793 -0.712342 0.269647 0.017658 -0.517566 287.927 0 0.259075 -0.30273 -0.366177 -0.440671 -0.861589 -0.70405 -0.759783 -1.13586 -0.93402 -0.806046 -0.457363 -0.416035 -0.345099 -0.414262 -0.470252 -0.583014 -0.164719 0.00441298 0.257295 2.80227 2.57133 2.52405 0 0 0 -0.862541 -0.984417 -0.863885 0.632604 0.31642 0.664305 0.415994 -0.606578 -0.590498 -0.523387 -0.467792 -0.564336 -0.40626 -0.546936 -0.493171 0.659664 0.421808 0.674656 0.478078 0.62521 0.423313 0.661055 0.480084 -0.297893 1.14344 -0.557034 -0.628671 0 0 0 
-0.396574 -0.104592 -0.521201 0.244701 0.0762043 -0.51885 330.857 0 -0.0892466 -0.279555 -0.360301 -0.437741 -0.691706 -0.6489 -0.727649 -0.82521 -0.706553 -0.634561 -0.235586 -0.342287 -0.385515 -0.313412 -0.45231 -0.560147 -0.078695 0.11562 0.410647 2.10549 2.30652 2.35763 0 0 0 -0.995239 -0.785379 -0.8769 0.637613 0.31642 0.677767 0.415994 -0.592326 -0.520742 -0.522683 -0.467792 -0.534723 -0.316424 -0.546522 -0.493171 0.665817 0.421808 0.686307 0.478078 0.629843 0.423313 0.667709 0.480084 -0.169916 1.41632 -0.545811 -0.467621 0 0 0 
-0.397342 -0.115838 -0.252364 0.22002 0.0725162 -0.518156 333.214 0 0.0268606 -0.250402 -0.349992 -0.432232 -0.473602 -0.556498 -0.670024 -0.412014 -0.547002 -0.522547 -0.116072 -0.238118 -0.397563 -0.230862 -0.443174 -0.53169 0.0434141 0.259443 0.567936 1.35797 1.99924 2.16265 0 0 0 -0.729842 -0.566438 -0.915942 0.642312 0.31642 0.690823 0.415994 -0.568732 -0.417511 -0.521114 -0.467792 -0.495816 -0.20024 -0.545836 -0.493171 0.671501 0.421808 0.694329 0.478078 0.634326 0.423313 0.673361 0.480084 -0.0436801 1.4313 -0.505068 -0.0357486 0 0 0 
-0.397336 -0.115583 -0.0839447 0.0665909 0.169403 -0.491506 335.747 0 0.259075 -0.220165 -0.34289 -0.423532 -0.244629 -0.484959 -0.591934 -0.0323796 -0.491991 -0.442033 -0.0745107 -0.142866 -0.404009 -0.213019 -0.440004 -0.526998 0.186564 0.403676 0.745472 0.759483 1.68809 1.95832 0 0 0 -0.641377 -0.447015 -0.954984 0.646918 0.31642 0.70344 0.415994 -0.534441 -0.296492 -0.518956 -0.467792 -0.447872 -0.0837246 -0.544523 -0.493171 0.674969 0.421808 0.704399 0.478078 0.640122 0.423313 0.679494 0.480084 0.0809372 1.4474 -0.435731 0.396665 0 0 0 
-0.391905 -0.0409128 -0.226088 0.413311 0.105219 -0.478492 337.825 0 0.259075 -0.197172 -0.338726 -0.401121 -0.0781086 -0.440129 -0.49001 0.181697 -0.397847 -0.311874 0.0251221 -0.108994 -0.440537 -0.212877 -0.403907 -0.506444 0.368527 0.617597 0.94621 0.311282 1.37246 1.71019 0 0 0 -0.597144 -0.387303 -0.928956 0.652772 0.31642 0.714004 0.415994 -0.486779 -0.14266 -0.516876 -0.467792 -0.386464 0.0890861 -0.542562 -0.493171 0.68306 0.421808 0.713932 0.478078 0.644877 0.423313 0.686385 0.480084 0.203811 1.46061 -0.338391 0.834001 0 0 0 
-0.379476 0.0898111 -0.555749 0.770473 0.00431031 -0.406203 339.583 0 0.375182 -0.191257 -0.335042 -0.363253 -0.0416568 -0.406765 -0.394684 0.248898 -0.191681 -0.111761 -0.0303419 -0.177646 -0.482987 -0.189009 -0.344679 -0.459608 0.603994 0.833333 1.14744 0.0180747 1.05271 1.41878 0 0 0 -0.552911 -0.486822 -0.772787 0.660833 0.31642 0.721093 0.415994 -0.422057 0.0564045 -0.515084 -0.467792 -0.311878 0.263364 -0.538978 -0.493171 0.695774 0.421808 0.719983 0.478078 0.648103 0.423313 0.68989 0.480084 0.324871 1.47179 -0.213839 1.27286 0 0 0 
-0.373613 0.138893 -0.619552 0.699674 0.102233 -0.362589 336.27 0 0.375182 -0.191919 -0.330114 -0.313782 -0.0511723 -0.373756 -0.298957 0.46385 0.0858109 0.147154 -0.163144 -0.286668 -0.53165 -0.187542 -0.302943 -0.40351 0.808678 1.06567 1.36079 -0.0942811 0.732632 1.08779 0 0 0 -0.375979 -0.626149 -0.538534 0.669597 0.31642 0.725806 0.415994 -0.343117 0.229445 -0.513829 -0.467792 -0.223411 0.451054 -0.533152 -0.493171 0.707294 0.421808 0.72559 0.478078 0.652641 0.423313 0.694112 0.480084 0.442262 1.47179 -0.0731901 1.55639 0 0 0 
-0.378967 0.0947332 -0.0442143 0.282254 0.243179 -0.298742 336.598 0 0.491289 -0.190568 -0.321522 -0.257597 -0.0726131 -0.320025 -0.198429 0.583208 0.328427 0.357867 -0.125532 -0.335794 -0.554735 -0.260213 -0.294015 -0.372873 1.05541 1.28633 1.55296 -0.0909994 0.436618 0.718481 0 0 0 -0.375979 -0.845091 -0.265238 0.677417 0.31642 0.730227 0.415994 -0.247229 0.438034 -0.513173 -0.467792 -0.122241 0.629307 -0.524222 -0.461226 0.713103 0.421808 0.730769 0.478078 0.659055 0.423313 0.698196 0.480084 0.55745 1.47179 0.065545 1.57195 0 0 0 
-0.375821 0.121576 0.280705 0.0636077 0.160055 -0.233797 336.518 0 0.259075 -0.193703 -0.309494 -0.144178 -0.117224 -0.25053 -0.0793211 0.408955 0.456353 0.496003 0.0553612 -0.343285 -0.532727 -0.336679 -0.315912 -0.356705 1.24798 1.5262 1.75309 -0.080457 0.192779 0.322612 0 0 0 -0.375979 -1.00432 0.0340851 0.685548 0.31642 0.734561 0.415994 -0.138915 0.600828 -0.511748 -0.467792 -0.00749502 0.823076 -0.511341 -0.415663 0.715955 0.421808 0.73393 0.478078 0.664195 0.423313 0.703477 0.480084 0.67035 1.47179 0.202501 1.58868 0 0 0 
-0.386383 0.0226336 0.139471 0.3071 0.0846034 -0.12401 336.591 0 0.375182 -0.201107 -0.269815 0.0263973 -0.186646 -0.11191 0.0630336 0.254469 0.576479 0.650453 0.111147 -0.324366 -0.507395 -0.281343 -0.282138 -0.292008 1.5965 1.78467 1.95774 -0.0638065 -0.0537668 -0.0663307 0 0 0 -0.287514 -0.745572 0.320395 0.691829 0.31642 0.740068 0.415994 -0.00706199 0.895472 -0.50867 -0.467792 0.121626 1.03188 -0.493021 -0.352137 0.721887 0.421808 0.741302 0.478078 0.668204 0.423313 0.707811 0.480084 0.781085 1.47179 0.337541 1.60241 0 0 0 
-0.392832 -0.0521121 -0.135638 0.449616 -0.0581307 0.0587853 337.05 0 0.491289 -0.196974 -0.199186 0.178042 -0.152004 0.0665968 0.224124 0.29285 0.702918 0.841581 0.0606102 -0.317482 -0.508488 -0.164282 -0.196906 -0.223712 1.83998 2.00686 2.14122 -0.0444702 -0.302731 -0.447048 0 0 0 -0.552911 -0.447015 0.645746 0.696724 0.31642 0.747653 0.415994 0.139996 1.10131 -0.49998 -0.467792 0.2624 1.21137 -0.466727 -0.258183 0.729524 0.421808 0.752887 0.478078 0.670205 0.423313 0.71075 0.480084 0.889856 1.47179 0.470588 1.61402 0 0 0 
-0.368368 0.177818 0.117156 0.698715 0.094259 0.118332 342.371 0 0.955718 -0.191232 -0.112617 0.30038 -0.101648 0.212835 0.373009 0.250801 0.807941 1.02651 -0.076795 -0.376979 -0.53336 -0.1407 -0.119756 -0.162267 2.10499 2.22923 2.3132 -0.0397457 -0.558163 -0.822361 0 0 0 -1.03947 0.05058 1.03617 0.705381 0.31642 0.755898 0.415994 0.30338 1.32535 -0.483573 -0.387084 0.414506 1.39101 -0.431869 -0.154679 0.740162 0.421808 0.763384 0.478078 0.67421 0.423313 0.714885 0.480084 0.998466 1.48951 0.599602 1.61402 0 0 0 
-0.352693 0.275562 0.179559 0.879342 0.00300919 0.302999 343.341 0 0.955718 -0.192944 -0.0221382 0.46643 -0.111243 0.298525 0.506759 0.113137 0.902755 1.20703 -0.331542 -0.509049 -0.574241 -0.080048 -0.0623661 -0.100119 2.28148 2.38882 2.4563 -0.0642637 -0.842483 -1.18336 0 0 0 -0.154815 0.707405 1.4396 0.715499 0.31642 0.763256 0.415994 0.476298 1.47456 -0.456412 -0.267644 0.573703 1.51993 -0.386069 -0.020817 0.752859 0.421808 0.768677 0.478078 0.676929 0.423313 0.720729 0.480084 1.10537 1.49567 0.726196 1.61402 0 0 0 
-0.365131 0.201781 0.0185782 0.809337 0.0506168 0.333292 344.177 0 0.723504 -0.189179 0.169542 0.770841 -0.110347 0.416927 0.658915 0.271441 1.08866 1.41792 -0.730247 -0.639082 -0.603207 -0.0117926 -0.0151399 -0.00665879 2.50547 2.54786 2.59588 -0.118776 -1.16839 -1.49866 0 0 0 0.552911 1.36423 1.81701 0.724214 0.31642 0.770906 0.415994 0.661847 1.66391 -0.416936 -0.127624 0.739758 1.64841 -0.329632 0.113426 0.764452 0.421808 0.771276 0.478078 0.680222 0.423313 0.725413 0.480084 1.21057 1.50098 0.850275 1.61402 0 0 0 
-0.383019 0.0569197 0.0871925 0.514902 0.277953 0.762962 344.113 0 0.607396 -0.0986445 0.464631 1.04886 0.117936 0.587078 0.826993 0.73692 1.33544 1.6078 -1.0671 -0.731319 -0.584216 0.0393137 0.056951 0.0659091 2.66567 2.66872 2.72765 -0.343862 -1.48157 -1.76394 0 0 0 1.39334 1.92154 2.12935 0.730405 0.31642 0.776816 0.415994 0.855201 1.79935 -0.362069 0.0503615 0.910143 1.74603 -0.257345 0.31253 0.772213 0.421808 0.776682 0.478078 0.686417 0.423313 0.729066 0.480084 1.3138 1.50098 0.971974 1.61402 0 0 0 
-0.377179 0.112668 0.333504 0.152453 0.35006 0.852868 343.656 0 -0.0892466 0.077137 0.725175 1.21812 0.412893 0.774442 0.977748 1.11424 1.50485 1.6942 -1.08499 -0.724438 -0.533313 0.03634 0.0727849 0.108415 2.64797 2.71215 2.77641 -0.73572 -1.77863 -1.96926 0 0 0 1.8799 2.33952 2.32456 0.737383 0.31642 0.781421 0.415994 1.04378 1.79935 -0.287561 0.280681 1.08004 1.78112 -0.169547 0.513324 0.775421 0.421808 0.78364 0.478078 0.69343 0.423313 0.73089 0.480084 1.41498 1.50098 1.09152 1.61402 0 0 0 
-0.367645 0.183052 0.423784 -0.141321 0.118199 1.0618 341.754 0 -0.205354 0.303945 0.933872 1.36438 0.678262 0.950741 1.0937 1.29619 1.5619 1.72153 -0.874879 -0.619541 -0.453017 0.0857624 0.0777499 0.133609 2.70038 2.73731 2.79472 -1.28691 -2.05759 -2.11529 0 0 0 2.23376 2.59827 2.42867 0.745361 0.31642 0.789567 0.415994 1.23253 1.82869 -0.196687 0.48089 1.24836 1.80145 -0.0654078 0.729571 0.775027 0.421808 0.793333 0.478078 0.697349 0.423313 0.734539 0.480084 1.51367 1.50098 1.21088 1.63243 0 0 0 
-0.351646 0.286447 0.544739 -0.0841643 0.217208 1.10257 339.501 0 -0.78589 0.561523 1.22117 1.67686 0.97405 1.1264 1.20874 1.51466 1.5935 1.77033 -0.584806 -0.469144 -0.356254 0.16559 0.133617 0.214552 2.58704 2.71656 2.75093 -1.97947 -2.33026 -2.20788 0 0 0 2.18953 2.71769 2.48073 0.754836 0.31642 0.799087 0.415994 1.41015 1.82869 -0.086302 0.72223 1.41241 1.80145 0.0536846 0.934945 0.775324 0.421808 0.804903 0.478078 0.702452 0.423313 0.737016 0.480084 1.60981 1.50098 1.32837 1.63883 0 0 0 
-0.329626 0.385231 0.669583 -0.100063 0.0604715 1.33944 328.817 0 -0.669782 1.08766 1.74601 2.04759 1.32428 1.29916 1.30937 1.75084 1.7052 1.82722 -0.217298 -0.311332 -0.277945 0.200581 0.261189 0.30845 2.53918 2.68953 2.67701 -2.74615 -2.57825 -2.27858 0 0 0 2.10106 2.71769 2.46772 0.765695 0.31642 0.807286 0.415994 1.58136 1.82869 0.038388 0.910585 1.57193 1.80145 0.188758 1.1582 0.775427 0.421808 0.815466 0.478078 0.705494 0.423313 0.740017 0.480084 1.70065 1.50098 1.44399 1.64435 0 0 0 
-0.150366 0.804235 1.08131 -0.012165 0.355722 1.61929 260.509 0 -1.13421 1.79632 2.19054 2.25031 1.52077 1.39582 1.34444 1.78013 1.77974 1.83154 0.144757 -0.174357 -0.228928 0.319981 0.358156 0.380549 2.34244 2.64975 2.56338 -3.28752 -2.73285 -2.2898 0 0 0 1.96836 2.65798 2.40264 0.78289 0.31642 0.813111 0.415994 1.73635 1.82869 0.190175 1.25149 1.7263 1.80145 0.340753 1.39876 0.77656 0.421808 0.822538 0.478078 0.712161 0.423313 0.745662 0.480084 1.76709 1.50098 1.55744 1.64435 0 0 0 
0.0571503 1.00891 1.29953 0.29266 0.532517 1.70789 192.297 0 -1.13421 2.23858 2.38518 2.32683 1.43933 1.36404 1.30908 1.58239 1.71071 1.74609 0.290046 -0.0777327 -0.180866 0.334698 0.374469 0.398326 2.21803 2.50527 2.37315 -3.45726 -2.72492 -2.21762 0 0 0 1.70297 2.45894 2.29853 0.802946 0.31642 0.819677 0.415994 1.88034 1.82869 0.359467 1.48965 1.86958 1.80145 0.506465 1.60557 0.78122 0.421808 0.825461 0.478078 0.720892 0.423313 0.752052 0.480084 1.80981 1.50098 1.66864 1.64435 0 0 0 
0.204074 1.12332 1.38399 0.355423 0.707429 1.95051 124.875 0 -1.71475 2.39842 2.49103 2.46577 1.23978 1.2672 1.27419 1.33706 1.54875 1.61715 0.202069 -0.00765013 -0.121852 0.230524 0.317824 0.383549 2.02832 2.33188 2.15171 -3.25717 -2.55795 -2.06145 0 0 0 1.4818 2.14048 2.11634 0.824405 0.323725 0.827183 0.415994 2.00933 1.82869 0.547552 1.74886 2.00039 1.80145 0.685516 1.81254 0.786524 0.421808 0.825102 0.478078 0.731613 0.423313 0.755623 0.480084 1.82969 1.50098 1.7771 1.64435 0 0 0 
0.280584 1.15606 1.44097 0.171824 0.533564 1.84142 58.0803 0 -1.83085 2.69344 2.86483 2.81107 1.05509 1.22401 1.25423 1.11273 1.44092 1.49096 0.130341 0.105455 -0.0308574 0.123859 0.341348 0.406895 1.85089 2.07681 1.90933 -2.71661 -2.2172 -1.82711 0 0 0 0.995239 1.60308 1.86907 0.84599 0.35513 0.836098 0.415994 2.12451 1.82869 0.746613 1.9215 2.11439 1.80145 0.872914 1.96107 0.789636 0.421808 0.825373 0.478078 0.74004 0.423313 0.760273 0.480084 1.82753 1.50098 1.88276 1.64435 0 0 0 
0.961362 1.41959 1.67216 0.325044 0.402846 2.0526 14.1216 0 -2.17918 3.35174 3.236 3.00873 0.881808 1.16096 1.195 0.899363 1.30809 1.38586 0.220435 0.222001 0.0289057 0.247945 0.402382 0.449872 1.73828 1.8306 1.66141 -1.87763 -1.74916 -1.52749 0 0 0 0.508678 0.986058 1.54372 0.871173 0.607913 0.846314 0.415994 2.23042 1.82869 0.960215 2.14059 2.21252 1.80145 1.06839 2.1091 0.794432 0.421808 0.825467 0.478078 0.74675 0.423313 0.763045 0.480084 1.81125 1.50098 1.98259 1.64435 0 0 0 
1.62257 1.56188 1.81137 0.44644 0.802948 2.27024 25.6452 0 -2.17918 3.33339 3.13922 2.92846 0.589665 1.00324 1.08028 0.582948 1.06689 1.25705 0.262062 0.280473 0.0149323 0.241596 0.410141 0.446726 1.72967 1.52832 1.36378 -0.939218 -1.23247 -1.20983 0 0 0 -0.243281 0.369041 1.21837 0.898052 0.744409 0.862493 0.415994 2.33399 1.82869 1.1828 2.29728 2.29204 1.80145 1.26895 2.22158 0.800512 0.421808 0.826499 0.478078 0.758118 0.423313 0.76912 0.480084 1.79892 1.50098 2.05561 1.64435 0 0 0 
1.37407 1.51824 1.75999 0.314562 0.664193 2.3396 39.8705 0 -2.17918 2.70027 2.81311 2.72751 0.347679 0.781727 0.92733 0.322718 0.797631 1.08979 0.275299 0.310439 0.0133995 0.197342 0.391652 0.41634 1.53291 1.17484 1.0559 -0.151263 -0.740303 -0.917457 0 0 0 -0.906774 -0.208169 0.879999 0.923834 0.744409 0.881363 0.415994 2.42328 1.82869 1.39989 2.29728 2.35057 1.80145 1.46895 2.26201 0.805019 0.421808 0.830746 0.478078 0.767654 0.423313 0.777076 0.480084 1.7913 1.50098 2.10256 1.64435 0 0 0 
1.0303 1.43642 1.68792 0.16321 0.508288 2.46299 54.6461 0 -2.17918 2.29839 2.73735 2.70658 0.198016 0.613895 0.802624 0.176919 0.611761 0.928332 0.441959 0.349229 0.0653487 0.23891 0.415485 0.407727 1.27022 0.792211 0.802483 0.470705 -0.274024 -0.662617 0 0 0 -0.508678 -0.665957 0.519324 0.947986 0.744409 0.901553 0.422618 2.4945 1.82869 1.61718 2.33124 2.38703 1.80145 1.66708 2.28543 0.807778 0.421808 0.835578 0.478078 0.775203 0.423313 0.786845 0.480084 1.78845 1.50098 2.12441 1.64435 0 0 0 
1.57559 1.55662 1.79575 0.397548 0.732072 2.40978 60.3745 0 -2.06307 2.68627 3.02839 2.68336 0.174204 0.487498 0.697639 0.139711 0.469782 0.789166 0.6055 0.388097 0.133466 0.463823 0.452794 0.409677 0.888568 0.411955 0.543991 0.979075 0.170051 -0.405686 0 0 0 -0.0663493 -0.984417 0.112169 0.973487 0.744409 0.921862 0.451093 2.54064 1.82869 1.82165 2.33124 2.40209 1.80145 1.86019 2.28543 0.813061 0.421808 0.838414 0.478078 0.78523 0.423313 0.794523 0.480084 1.78743 1.50098 2.12204 1.64435 0 0 0 
3.20755 1.78281 1.99255 0.921448 1.17374 2.58812 72.8733 0 -1.94696 2.51263 2.85062 2.45763 0.0635479 0.315103 0.566202 0.0334973 0.289667 0.623968 0.471942 0.34379 0.15325 0.492814 0.406592 0.353095 0.359129 0.0134572 0.281897 1.32987 0.592184 -0.146984 0 0 0 0.243281 -0.705764 -0.274999 1.00184 0.956334 0.945556 0.680297 2.55313 1.82869 2.01875 2.33124 2.3953 1.80145 2.04798 2.28543 0.823954 0.421808 0.842784 0.478078 0.800188 0.423313 0.800637 0.480084 1.7903 1.50098 2.10414 1.64435 0 0 0 
2.86858 1.74251 1.96 1.02883 1.12207 2.96784 91.4342 0 -1.71475 1.36529 2.19414 2.12017 -0.0825289 0.0997784 0.409732 -0.114873 0.0728086 0.426862 0.167891 0.169908 0.114693 0.310319 0.268603 0.272137 -0.317072 -0.467924 -0.055369 1.53884 0.972096 0.105638 0 0 0 0.243281 -0.486822 -0.596506 1.02915 0.956334 0.970846 0.804061 2.52376 1.82869 2.19716 2.33124 2.36271 1.80145 2.22969 2.28543 0.835828 0.421808 0.848324 0.478078 0.814312 0.423313 0.810996 0.480084 1.7988 1.50098 2.09059 1.64435 0 0 0 
1.59478 1.56873 1.78774 0.823182 0.949312 2.63528 124.489 0 -1.48253 0.69556 1.65665 1.96569 -0.175684 -0.054892 0.266286 -0.196981 -0.0764652 0.262583 -0.0692244 0.00722471 0.0631186 0.243611 0.185161 0.231238 -1.13802 -0.895407 -0.362806 1.64944 1.2214 0.335216 0 0 0 0.0221164 -0.427111 -0.844364 1.05355 0.956334 0.995103 0.804061 2.4447 1.82869 2.36293 2.33124 2.30785 1.80145 2.39835 2.28543 0.84531 0.421808 0.852431 0.478078 0.826247 0.423313 0.819686 0.480084 1.81721 1.50098 2.08222 1.64435 0 0 0 
1.36194 1.50839 1.75489 0.814829 0.79223 2.62042 154.402 0 -1.48253 0.977922 1.6402 1.9801 -0.137463 -0.107187 0.157083 -0.15609 -0.125667 0.146991 -0.243102 -0.0682991 -0.00206087 0.232119 0.184448 0.232447 -1.76231 -1.19444 -0.647366 1.64585 1.35561 0.532001 0 0 0 -0.287514 -0.38288 -0.98535 1.07671 0.956334 1.01783 0.804061 2.32906 1.82869 2.51142 2.33124 2.23803 1.80145 2.55233 2.28543 0.854552 0.421808 0.854946 0.478078 0.836222 0.423313 0.826564 0.480084 1.84435 1.50098 2.07909 1.64435 0 0 0 
3.35278 1.80013 1.99926 0.823268 1.35681 2.23319 196.268 0 -1.36643 1.48183 1.36178 1.74327 -0.11841 -0.179716 0.0156736 -0.133606 -0.197228 0.00522973 -0.35716 -0.140737 -0.093527 0.181503 0.153376 0.161427 -2.16499 -1.39586 -0.867279 1.49977 1.36374 0.6788 0 0 0 -0.685609 -0.466919 -0.928956 1.10358 0.972946 1.04182 0.804061 2.19103 1.82869 2.64401 2.33124 2.15875 1.80145 2.68653 2.28543 0.863736 0.421808 0.859759 0.478078 0.852345 0.423313 0.835701 0.480084 1.88357 1.50098 2.07797 1.64435 0 0 0 
4.07684 1.86 2.06068 0.642528 1.47845 2.20057 217.4 0 -1.36643 0.703577 0.612353 1.181 -0.205255 -0.306566 -0.160318 -0.209275 -0.314978 -0.165035 -0.371655 -0.211423 -0.158071 -0.044309 0.0139894 0.0307612 -2.37495 -1.56344 -1.05824 1.20646 1.24925 0.781682 0 0 0 -1.03947 -0.603402 -0.91966 1.13086 1.03037 1.06849 0.996217 2.04264 1.82869 2.76594 2.33124 2.07198 1.80145 2.80205 2.28543 0.870887 0.421808 0.869685 0.478078 0.869563 0.423313 0.849331 0.480084 1.92846 1.50098 2.08111 1.64435 0 0 0 
2.30184 1.67885 1.87997 0.476396 1.22446 2.28248 234.913 0 -1.48253 0.232251 0.202146 0.853852 -0.245923 -0.372506 -0.301487 -0.242684 -0.371991 -0.296275 -0.286007 -0.211526 -0.178099 -0.18793 -0.121988 -0.0891501 -2.59478 -1.74476 -1.26989 0.842934 1.05041 0.844763 0 0 0 -0.729842 -0.785379 -0.883407 1.15522 1.03037 1.09419 0.996217 1.88357 1.82869 2.88516 2.33124 1.9772 1.80145 2.89566 2.28543 0.876205 0.421808 0.880504 0.478078 0.883719 0.423313 0.8622 0.480084 1.9778 1.50098 2.09046 1.64435 0 0 0 
1.19881 1.47713 1.71478 0.509646 1.02408 1.85067 235.125 0 -1.59864 0.39022 0.508385 0.993159 -0.241138 -0.335437 -0.330675 -0.223872 -0.329195 -0.322511 -0.159976 -0.172098 -0.172376 -0.230508 -0.146054 -0.130362 -2.37079 -1.81115 -1.38737 0.441006 0.843791 0.854368 0 0 0 -0.597144 -0.924706 -0.863885 1.17645 1.03037 1.11715 0.996217 1.74011 1.82869 2.98795 2.33124 1.88048 1.80145 2.96456 2.28543 0.881782 0.421808 0.889144 0.478078 0.895469 0.423313 0.873075 0.480084 2.02643 1.50098 2.11069 1.64435 0 0 0 
2.27491 1.67057 1.893 0.666462 1.03525 1.78895 237.564 0 -1.59864 0.837358 0.744026 1.07471 -0.196117 -0.318095 -0.363358 -0.182171 -0.310268 -0.350909 -0.054099 -0.174606 -0.169192 -0.212431 -0.15478 -0.135422 -2.04416 -1.7936 -1.45815 0.148775 0.641686 0.81449 0 0 0 -0.608202 -0.994369 -0.841111 1.19997 1.03037 1.13894 0.996217 1.6179 1.82869 3.06994 2.33124 1.78614 1.80145 3.00747 2.28543 0.888874 0.421808 0.897565 0.478078 0.907159 0.423313 0.882165 0.480084 2.07502 1.50098 2.14051 1.64435 0 0 0 
4.91985 1.92778 2.12691 1.04392 1.45534 1.66357 236.794 0 -1.71475 -0.857001 -0.411398 0.0720211 -0.375513 -0.455392 -0.516625 -0.353351 -0.44005 -0.492718 -0.143168 -0.342099 -0.301288 -0.405765 -0.317971 -0.262511 -1.6478 -1.71527 -1.47625 -0.0854423 0.443829 0.725525 0 0 0 -0.670865 -0.911437 -0.837857 1.22659 1.09539 1.16422 1.01128 1.52049 1.82869 3.12305 2.33124 1.6972 1.80145 3.0252 2.28543 0.89968 0.421808 0.905934 0.478078 0.923184 0.423313 0.896857 0.480084 2.12266 1.50098 2.18363 1.64435 0 0 0 
3.94599 1.84972 2.05998 1.01348 1.27601 1.6449 234.37 0 -1.59864 -3.14708 -2.12197 -1.3547 -0.600215 -0.660152 -0.737945 -0.578661 -0.636664 -0.696452 -0.438096 -0.618832 -0.567106 -0.564257 -0.506919 -0.437131 -1.43479 -1.64866 -1.51296 -0.228673 0.241189 0.586544 0 0 0 -0.729842 -0.785379 -0.915942 1.25177 1.09539 1.18989 1.06335 1.43678 1.82869 3.13744 2.33124 1.61294 1.80145 3.0172 2.28543 0.910016 0.421808 0.91245 0.478078 0.937054 0.423313 0.912545 0.480084 2.16887 1.50098 2.23295 1.64435 0 0 0 
2.01557 1.6372 1.85793 0.521091 1.00308 1.49804 232.044 0 -1.71475 -4.10954 -2.97724 -2.24364 -0.776132 -0.819992 -0.925907 -0.738118 -0.778116 -0.857448 -0.594285 -0.679144 -0.667802 -0.531221 -0.536607 -0.519537 -1.02776 -1.41816 -1.42097 -0.371678 0.00788702 0.380327 0 0 0 -0.818308 -0.725668 -0.981012 1.27375 1.09539 1.21281 1.06335 1.37752 1.82869 3.10363 2.33124 1.54142 1.80145 2.97885 2.28543 0.915286 0.421808 0.917296 0.478078 0.947827 0.423313 0.925444 0.480084 2.21374 1.50098 2.28718 1.64435 0 0 0 
1.01936 1.42745 1.68551 0.433412 0.970506 1.56973 215.639 0 -1.71475 -3.99278 -2.84968 -2.27705 -0.761877 -0.804904 -0.932974 -0.729952 -0.762583 -0.861908 -0.606113 -0.621412 -0.673386 -0.470784 -0.523283 -0.534295 -0.593287 -1.15789 -1.34583 -0.364601 -0.126822 0.25634 0 0 0 -0.906774 -0.725668 -0.981012 1.27375 1.09539 1.23278 1.06335 1.37752 1.82869 3.01261 2.33124 1.54142 1.80145 2.91426 2.28543 0.915286 0.421808 0.922378 0.478078 0.947827 0.423313 0.936151 0.480084 2.21374 1.50098 2.34063 1.64435 0 0 0 
