-0.49118 -0.546485 -0.471683 -1.24637 -1.35942 -0.689073 0 0 -1.27059 -0.332497 -0.502686 -0.606831 -1.55316 -2.18763 -2.26757 -1.40404 -1.82111 -1.79032 -1.0851 -1.1665 -1.34285 -0.878105 -1.08158 -1.35282 -0.560854 -0.631881 -0.718181 -0.344457 -0.467841 -0.560388 0 0 0 -0.635214 -0.691381 -1.07526 0.415845 -1.07793 0.533383 -1.00047 -0.738796 -0.81939 -0.569767 -0.646283 -0.764029 -0.8516 -0.595718 -0.674427 -0.786538 -1.83571 -0.697826 -1.58828 -0.968331 -1.81142 -0.869233 -1.57676 -0.331334 -0.383471 -0.247353 -0.283726 0 0 0 
-0.492748 -0.710296 -0.634174 -1.45749 -1.43357 -0.688867 0 0 -1.27059 -0.333634 -0.503083 -0.606983 -2.1971 -2.33667 -2.30843 -1.94309 -1.94845 -1.82151 -1.23369 -1.24233 -1.37335 -1.00443 -1.15503 -1.39511 -0.56274 -0.632521 -0.718297 -0.344457 -0.467841 -0.560388 0 0 0 -0.469202 -0.691381 -1.07526 0.203712 -1.07793 0.533383 -1.00047 -0.742401 -0.81939 -0.569767 -0.646283 -0.765141 -0.8516 -0.595718 -0.674427 -0.957154 -1.83571 -0.697826 -1.58828 -1.03168 -1.81142 -0.869233 -1.57676 -0.331334 -0.383471 -0.247353 -0.283726 0 0 0 
-0.493299 -0.802619 -0.70343 -1.60784 -1.59049 -0.688822 0 0 -1.27059 -0.33269 -0.501981 -0.605943 -2.45648 -2.27627 -2.18852 -2.15562 -1.88955 -1.71985 -1.13631 -1.1564 -1.2396 -1.01369 -1.15877 -1.35904 -0.564738 -0.633151 -0.718546 -0.344457 -0.467841 -0.560388 0 0 0 -0.30319 -0.691381 -1.07526 0.0532949 -1.07793 0.533383 -1.00047 -0.746148 -0.81939 -0.569767 -0.646283 -0.766239 -0.8516 -0.595718 -0.674427 -1.09503 -1.83571 -0.697826 -1.58828 -1.14217 -1.81142 -0.869233 -1.57676 -0.331334 -0.383471 -0.247353 -0.283726 0 0 0 
-0.494026 -0.966301 -0.846223 -1.78003 -1.73238 -0.689142 0 0 -1.27059 -0.332158 -0.501306 -0.605332 -2.61722 -2.20675 -2.09624 -2.31544 -1.83882 -1.65455 -1.04641 -1.062 -1.11201 -0.939364 -1.07539 -1.25889 -0.566531 -0.633749 -0.718585 -0.344457 -0.467841 -0.560388 0 0 0 -0.137178 -0.691381 -1.07526 -0.127897 -1.07793 0.533383 -1.00047 -0.749734 -0.81939 -0.569767 -0.646283 -0.767308 -0.8516 -0.595718 -0.674427 -1.23354 -1.83571 -0.697826 -1.58828 -1.25802 -1.81142 -0.869233 -1.57676 -0.331334 -0.383471 -0.247353 -0.283726 0 0 0 
-0.494786 -1.2956 -1.14933 -1.86714 -1.70817 -0.690197 0 0 -0.833726 -0.331361 -0.500574 -0.604734 -2.59044 -2.05672 -1.95815 -2.30941 -1.72447 -1.55444 -0.896618 -0.9494 -0.972137 -0.87419 -0.985615 -1.14992 -0.567204 -0.633772 -0.718315 -0.344457 -0.467841 -0.560388 0 0 0 -0.30319 -0.763942 -1.12441 -0.407189 -1.07793 0.533383 -1.00047 -0.7524 -0.81939 -0.569767 -0.646283 -0.767965 -0.8516 -0.595718 -0.674427 -1.34481 -1.83571 -0.697826 -1.58828 -1.31926 -1.81142 -0.869233 -1.57676 -0.331334 -0.383471 -0.247353 -0.283726 0 0 0 
-0.495163 -1.82677 -1.62272 -1.81612 -1.70077 -0.691192 0 0 -0.833726 -0.330426 -0.499793 -0.604119 -2.2685 -1.7393 -1.70019 -2.04875 -1.47299 -1.36052 -0.780946 -0.87177 -0.781171 -0.836817 -0.953863 -0.98412 -0.566978 -0.633117 -0.717497 -0.344457 -0.467841 -0.560388 0 0 0 -0.635214 -0.981626 -1.28823 -0.822669 -1.07793 0.533383 -1.00047 -0.754033 -0.81939 -0.569767 -0.646283 -0.768024 -0.8516 -0.595718 -0.674427 -1.40524 -1.83571 -0.697826 -1.58828 -1.35798 -1.81142 -0.869233 -1.57676 -0.331334 -0.383471 -0.247353 -0.283726 0 0 0 
-0.49523 -2.19945 -1.90108 -1.86883 -1.74844 -0.691578 0 0 -0.833726 -0.328513 -0.499074 -0.602998 -1.42361 -1.2381 -1.21431 -1.34833 -1.07923 -1.00428 -0.621693 -0.811185 -0.531485 -0.759064 -0.933963 -0.736739 -0.565702 -0.632057 -0.716528 -0.344457 -0.467841 -0.560388 0 0 0 -0.967239 -0.957439 -1.30461 -1.25733 -1.07793 0.301587 -1.00047 -0.754503 -0.81939 -0.569767 -0.646283 -0.767541 -0.8516 -0.595718 -0.674427 -1.46058 -1.83571 -0.873548 -1.58828 -1.39727 -1.81142 -0.934544 -1.57676 -0.331334 -0.383471 -0.247353 -0.283726 0 0 0 
-0.495159 -1.81199 -1.60916 -1.86607 -1.79895 -0.691177 0 0 -0.833726 -0.327207 -0.49848 -0.600092 -0.55446 -0.78333 -0.705441 -0.617697 -0.725733 -0.635267 -0.54001 -0.731447 -0.247663 -0.707289 -0.896275 -0.447616 -0.56351 -0.631081 -0.715572 -0.344457 -0.467841 -0.560388 0 0 0 -0.635214 -0.815772 -1.29291 -1.45789 -1.07793 0.137229 -1.00047 -0.753808 -0.81939 -0.569767 -0.646283 -0.766755 -0.851012 -0.595718 -0.674427 -1.50153 -1.83571 -1.01555 -1.58828 -1.43753 -1.81142 -1.04845 -1.57676 -0.331334 -0.383471 -0.247353 -0.283726 0 0 0 
-0.495088 -1.6284 -1.47268 -1.95772 -1.87045 -0.69147 0 0 -0.833726 -0.326123 -0.498044 -0.597475 0.0816737 -0.535238 -0.378893 -0.0483994 -0.521239 -0.388223 -0.44774 -0.642891 0.0290219 -0.617113 -0.83442 -0.16383 -0.561853 -0.630142 -0.714732 -0.344457 -0.467841 -0.560388 0 0 0 -0.30319 -0.691381 -1.14898 -1.56105 -1.07793 -0.0607562 -1.00047 -0.752565 -0.81939 -0.569767 -0.646283 -0.765782 -0.850322 -0.595718 -0.674427 -1.54983 -1.83571 -1.15821 -1.58828 -1.48241 -1.81142 -1.16788 -1.57676 -0.331334 -0.383471 -0.247353 -0.283726 0 0 0 
-0.495065 -1.58348 -1.43906 -1.88099 -1.88475 -0.691439 0 0 -1.27059 -0.325426 -0.497739 -0.596435 0.544939 -0.384973 -0.163351 0.377689 -0.391056 -0.22182 -0.398343 -0.551774 0.263641 -0.53616 -0.755845 0.0835892 -0.559829 -0.629188 -0.713848 -0.344457 -0.467841 -0.560388 0 0 0 -0.137178 -0.651069 -0.911438 -1.63194 -1.07793 -0.365934 -1.00047 -0.750796 -0.818659 -0.569767 -0.646283 -0.764672 -0.849622 -0.595718 -0.674427 -1.57608 -1.83571 -1.2728 -1.58828 -1.52077 -1.81142 -1.23102 -1.57676 -0.331334 -0.383471 -0.247353 -0.283726 0 0 0 
-0.495091 -1.62141 -1.49556 -1.84014 -1.78683 -0.692088 0 0 -1.27059 -0.325075 -0.497488 -0.595341 0.865426 -0.263341 0.0394157 0.682293 -0.280984 -0.0548847 -0.433563 -0.359738 0.457518 -0.494387 -0.532717 0.320763 -0.557905 -0.62794 -0.712893 -0.344457 -0.467841 -0.560388 0 0 0 -0.30319 -0.739755 -0.575601 -1.69887 -1.07793 -0.819923 -1.00047 -0.748681 -0.817287 -0.569767 -0.646283 -0.763371 -0.848704 -0.595718 -0.674427 -1.59154 -1.83571 -1.33504 -1.58828 -1.53693 -1.81142 -1.27093 -1.57676 -0.331334 -0.383471 -0.247353 -0.283726 0 0 0 
-0.495034 -1.52585 -1.40597 -1.99776 -1.896 -0.691863 0 0 -1.27059 -0.324791 -0.495654 -0.594077 0.977611 0.132581 0.236022 0.821875 0.0473648 0.106175 -0.357465 0.0693745 0.68358 -0.441316 -0.108635 0.568946 -0.55592 -0.626431 -0.711889 -0.344457 -0.467841 -0.560388 0 0 0 -0.469202 -0.884877 -0.279975 -1.73402 -1.07793 -1.29487 -1.00047 -0.746286 -0.815871 -0.573949 -0.646283 -0.761849 -0.847596 -0.597016 -0.674427 -1.62566 -1.83571 -1.39204 -1.58828 -1.56595 -1.81142 -1.31144 -1.57676 -0.331334 -0.383471 -0.247353 -0.283726 0 0 0 
-0.494789 -1.29117 -1.1589 -2.05131 -1.98477 -0.690739 0 0 -1.27059 -0.324594 -0.490672 -0.593008 0.811493 0.524784 0.377108 0.725533 0.366066 0.215722 -0.162438 0.561082 0.938434 -0.304633 0.391547 0.836777 -0.554863 -0.624981 -0.710997 -0.344457 -0.467841 -0.560388 0 0 0 -0.635214 -0.981626 -0.0554623 -1.71701 -1.07793 -1.51402 -1.00047 -0.743949 -0.815117 -0.578295 -0.646283 -0.760175 -0.846531 -0.598299 -0.674427 -1.66119 -1.83571 -1.43421 -1.58828 -1.60217 -1.81142 -1.35294 -1.57676 -0.331334 -0.383471 -0.247353 -0.283726 0 0 0 
-0.494578 -1.16665 -1.04042 -1.96054 -1.85415 -0.691446 0 0 -1.27059 -0.324634 -0.486196 -0.591417 0.638803 0.829751 0.488075 0.578379 0.609678 0.307047 0.0418887 1.02073 1.18342 -0.174914 0.839109 1.09533 -0.553291 -0.623504 -0.710142 -0.344457 -0.467841 -0.560388 0 0 0 -0.801227 -0.61882 0.148372 -1.67939 -1.07793 -1.62673 -1.00047 -0.741516 -0.813996 -0.582456 -0.646283 -0.758374 -0.845445 -0.599547 -0.674427 -1.68117 -1.83571 -1.48396 -1.58828 -1.61728 -1.81142 -1.39921 -1.57676 -0.331334 -0.383471 -0.247353 -0.283726 0 0 0 
-0.494607 -1.17424 -1.0641 -1.92195 -1.82105 -0.69086 0 0 -1.27059 -0.324852 -0.484619 -0.589204 0.445504 1.02057 0.601272 0.402597 0.760773 0.398995 0.184237 1.37076 1.41558 -0.113946 1.17255 1.33994 -0.55174 -0.621962 -0.709406 -0.344457 -0.467841 -0.560388 0 0 0 -0.967239 -0.207639 0.332448 -1.6481 -1.07793 -1.7042 -1.00047 -0.739013 -0.812889 -0.585549 -0.646283 -0.756456 -0.844313 -0.600315 -0.674427 -1.69432 -1.83571 -1.51099 -1.58828 -1.6266 -1.81142 -1.43875 -1.57676 -0.331334 -0.383471 -0.247353 -0.283726 0 0 0 
-0.494603 -1.16814 -1.0694 -1.95148 -1.85929 -0.690566 0 0 -1.27059 -0.325077 -0.483005 -0.587063 0.241982 1.15866 0.715666 0.225459 0.886079 0.492659 0.674839 1.67545 1.65 0.363084 1.51929 1.58843 -0.55002 -0.620722 -0.708622 -0.344457 -0.467841 -0.560388 0 0 0 -0.856564 0.300289 0.497441 -1.61974 -1.07793 -1.77733 -1.00047 -0.736412 -0.811663 -0.587443 -0.646283 -0.754509 -0.843402 -0.600384 -0.674427 -1.70881 -1.83571 -1.52692 -1.58828 -1.63884 -1.81142 -1.45542 -1.57676 -0.331334 -0.383471 -0.247353 -0.283726 0 0 0 
-0.494342 -1.06106 -0.950754 -1.81113 -1.84978 -0.689908 0 0 -1.27059 -0.322566 -0.48114 -0.584623 0.317007 1.19098 0.909745 0.261564 0.919512 0.65348 1.53753 2.01605 1.92654 1.27326 1.90258 1.87387 -0.549625 -0.619871 -0.707825 -0.344457 -0.467841 -0.560388 0 0 0 -0.52454 0.759843 0.644882 -1.57839 -1.07793 -1.81574 -1.00047 -0.734029 -0.811381 -0.587989 -0.646283 -0.752617 -0.842776 -0.59982 -0.674427 -1.70825 -1.83571 -1.56206 -1.58828 -1.64868 -1.81142 -1.48534 -1.57676 -0.331334 -0.383471 -0.247353 -0.283726 0 0 0 
-0.494161 -1.00173 -0.890209 -1.64038 -1.79165 -0.689506 0 0 -1.27059 -0.311064 -0.47963 -0.582458 0.566236 1.1142 1.06359 0.447051 0.862078 0.779118 2.39197 2.32063 2.16355 2.25505 2.26625 2.14334 -0.54921 -0.619158 -0.707203 -0.344457 -0.467841 -0.560388 0 0 0 0.0288342 1.12265 0.825087 -1.53311 -1.07793 -1.79716 -1.00047 -0.731822 -0.811085 -0.587183 -0.646283 -0.750798 -0.842252 -0.598902 -0.673773 -1.69243 -1.83571 -1.59865 -1.58828 -1.65191 -1.81142 -1.52268 -1.57676 -0.331334 -0.383471 -0.247353 -0.283726 0 0 0 
-0.494298 -1.04519 -0.936005 -1.58018 -1.71665 -0.688751 0 0 -1.27059 -0.300347 -0.477054 -0.580561 0.898911 1.13604 1.20063 0.722745 0.892561 0.892471 3.12888 2.58802 2.37133 3.09466 2.59696 2.39002 -0.548468 -0.618493 -0.706828 -0.344457 -0.467841 -0.560388 0 0 0 0.858895 1.46127 1.00529 -1.49851 -1.07793 -1.75605 -1.00047 -0.729698 -0.810556 -0.58574 -0.646283 -0.749049 -0.841764 -0.597765 -0.673006 -1.67315 -1.83571 -1.61922 -1.58828 -1.64806 -1.81142 -1.53825 -1.57676 -0.331334 -0.383471 -0.247353 -0.283726 0 0 0 
-0.494572 -1.15951 -1.04497 -1.53073 -1.65278 -0.688607 0 0 -1.27059 -0.296582 -0.473215 -0.57915 1.2049 1.24418 1.32595 0.977207 0.987263 0.998372 3.68579 2.83197 2.55096 3.76532 2.90715 2.60144 -0.548496 -0.618341 -0.7066 -0.344457 -0.467841 -0.560388 0 0 0 1.79963 1.7757 1.21826 -1.48218 -1.07793 -1.72186 -1.00047 -0.727791 -0.810556 -0.583688 -0.645453 -0.747449 -0.841652 -0.596469 -0.672228 -1.6518 -1.83571 -1.63277 -1.58828 -1.63913 -1.81142 -1.54786 -1.57676 -0.331334 -0.383471 -0.247353 -0.283726 0 0 0 
-0.494636 -1.22955 -1.11076 -0.634407 -0.606598 -0.687517 0 0 -0.979348 -0.292239 -0.469445 -0.578087 1.60431 1.39052 1.42507 1.34608 1.11011 1.08572 3.83304 2.96235 2.63056 4.02574 3.0468 2.68849 -0.54861 -0.61814 -0.706745 -0.344457 -0.467841 -0.560388 0 0 0 2.68503 1.94501 1.464 -1.47604 -1.07793 -1.69087 -1.00047 -0.726088 -0.810556 -0.581234 -0.643896 -0.745967 -0.841505 -0.594949 -0.671208 -1.56349 -1.17342 -1.6477 -1.58828 -1.54594 -1.00277 -1.56047 -1.57676 -0.331334 -0.383471 -0.247353 -0.283726 0 0 0 
-0.488369 -0.434286 -0.439737 0.46553 0.346367 -0.687819 0 0 -0.39686 -0.28978 -0.466719 -0.57754 1.72112 1.39526 1.38248 1.4679 1.13301 1.07195 3.36245 2.82466 2.53407 3.54655 2.87731 2.56755 -0.548981 -0.618356 -0.707032 -0.344457 -0.467841 -0.560388 0 0 0 3.12773 1.9692 1.59506 -1.37684 -0.936419 -1.64569 -1.00047 -0.724603 -0.810556 -0.578456 -0.64229 -0.744655 -0.841505 -0.593172 -0.669975 -1.40241 0.0169842 -1.64712 -1.58828 -1.38721 0.0208795 -1.57062 -1.57676 -0.331334 -0.383471 -0.247353 -0.283726 0 0 0 
-0.468341 0.0394204 0.000943427 0.91143 0.701671 -0.686955 0 0 0.185628 -0.299939 -0.468694 -0.579544 1.31047 1.18279 1.14927 1.12753 0.984723 0.91835 2.42285 2.45682 2.29837 2.543 2.48025 2.29695 -0.548725 -0.618797 -0.707439 -0.344457 -0.467841 -0.560388 0 0 0 2.90638 1.84826 1.57867 -1.23292 -0.338964 -1.59621 -1.00047 -0.723205 -0.810556 -0.575744 -0.641435 -0.743523 -0.841505 -0.591217 -0.668792 -1.224 0.499557 -1.63082 -1.58828 -1.21588 0.402536 -1.57395 -1.57676 -0.331334 -0.383471 -0.247353 -0.283726 0 0 0 
-0.470256 0.0135842 -0.0193688 0.87056 0.569181 -0.686452 0 0 0.913738 -0.315506 -0.474152 -0.582889 0.804462 0.924755 0.920978 0.742849 0.801131 0.761867 1.38535 2.03057 2.01701 1.46378 2.04412 1.99916 -0.548774 -0.619524 -0.707873 -0.344457 -0.467841 -0.560388 0 0 0 2.13165 1.50964 1.39847 -1.10378 -0.338964 -1.5584 -1.00047 -0.721931 -0.810556 -0.572923 -0.640164 -0.74259 -0.841505 -0.589113 -0.667585 -1.06321 0.499557 -1.61096 -1.58828 -1.06827 0.402536 -1.56998 -1.57676 -0.331334 -0.383471 -0.247353 -0.283726 0 0 0 
-0.486066 -0.330418 -0.342513 0.391225 0.15632 -0.685952 0 0 1.20498 -0.319908 -0.477326 -0.584554 0.496185 0.73976 0.757691 0.526515 0.6793 0.65174 0.569903 1.68382 1.76612 0.666063 1.70485 1.75256 -0.549834 -0.620638 -0.708502 -0.344457 -0.467841 -0.560388 0 0 0 0.914232 1.05009 1.0872 -1.02061 -0.338964 -1.54056 -1.00047 -0.720921 -0.810556 -0.570019 -0.638908 -0.741887 -0.841505 -0.586874 -0.666326 -0.946272 0.499557 -1.58897 -1.58828 -0.960677 0.402536 -1.56078 -1.57676 -0.331334 -0.383471 -0.247353 -0.283726 0 0 0 
-0.485112 -0.291167 -0.224701 0.164396 0.210762 -0.685427 0 0 1.3506 -0.317982 -0.478491 -0.585021 0.261496 0.594447 0.628768 0.335112 0.577538 0.55954 0.0490782 1.42377 1.58674 0.0580911 1.40581 1.54474 -0.550511 -0.622073 -0.709089 -0.344457 -0.467841 -0.560388 0 0 0 -0.52454 0.54216 0.644882 -0.939928 -0.338964 -1.53385 -1.00047 -0.720089 -0.810556 -0.567001 -0.637517 -0.741429 -0.841505 -0.5846 -0.665313 -0.85243 0.499557 -1.49803 -0.968629 -0.857785 0.402536 -1.4647 -0.808054 -0.331334 -0.383471 -0.247353 -0.283726 0 0 0 
-0.48303 -0.225572 -0.194793 0.479983 0.404689 -0.685302 0 0 1.05936 -0.317381 -0.479977 -0.586176 -0.0538624 0.43835 0.468431 0.076655 0.459167 0.43457 -0.1635 1.13357 1.40019 -0.247805 1.05245 1.31742 -0.551236 -0.623474 -0.70994 -0.344457 -0.467841 -0.560388 0 0 0 -0.137178 0.0342313 0.251706 -0.858931 -0.338964 -1.42546 -0.84551 -0.71942 -0.810556 -0.564236 -0.637197 -0.741186 -0.841505 -0.58239 -0.664618 -0.746648 0.499557 -1.33213 0.145145 -0.750244 0.402536 -1.30106 0.165024 -0.331334 -0.383471 -0.247353 -0.283726 0 0 0 
-0.484564 -0.28348 -0.287987 0.587193 0.396479 -0.684497 0 0 0.476872 -0.314561 -0.481576 -0.58773 -0.035226 0.301362 0.298412 0.124081 0.366004 0.306676 -0.108394 0.801525 1.15933 -0.252003 0.652534 1.05479 -0.553321 -0.624959 -0.710791 -0.344457 -0.467841 -0.560388 0 0 0 0.471533 -0.352762 -0.0267932 -0.789075 -0.338964 -1.2682 -0.191259 -0.719084 -0.810556 -0.561675 -0.636861 -0.741144 -0.841505 -0.580266 -0.664035 -0.642232 0.499557 -1.14838 0.596653 -0.650884 0.402536 -1.12444 0.527826 -0.331334 -0.383471 -0.247353 -0.283726 0 0 0 
-0.478443 -0.115443 -0.0323005 0.550463 0.372582 -0.683972 0 0 0.33125 -0.30569 -0.483251 -0.589828 0.125007 0.173851 0.13169 0.272561 0.272378 0.170879 0.0976755 0.465697 0.898246 -0.0744159 0.26785 0.784886 -0.556492 -0.62649 -0.711852 -0.344457 -0.467841 -0.560388 0 0 0 0.582208 -0.643007 -0.190616 -0.70903 -0.338964 -1.12709 -0.191259 -0.719189 -0.810556 -0.559211 -0.636261 -0.741288 -0.841505 -0.578223 -0.663492 -0.547065 0.499557 -0.982777 0.596653 -0.559785 0.402536 -0.972259 0.527826 -0.331334 -0.383471 -0.247353 -0.283726 0 0 0 
-0.471643 0.0154423 0.0656855 0.58473 0.453838 -0.685175 0 0 0.185628 -0.305792 -0.48722 -0.593069 0.103864 -0.0153841 -0.0503757 0.224639 0.111286 -0.010825 0.273742 0.1281 0.640279 0.000421885 -0.109276 0.513912 -0.558909 -0.62781 -0.712904 -0.344457 -0.467841 -0.560388 0 0 0 0.194846 -0.909064 -0.28891 -0.623021 -0.338964 -1.03621 -0.191259 -0.719595 -0.810556 -0.557 -0.636261 -0.741575 -0.841505 -0.576354 -0.663368 -0.456397 0.499557 -0.86234 0.596653 -0.470132 0.402536 -0.861342 0.527826 -0.331334 -0.383471 -0.247353 -0.283726 0 0 0 
-0.472397 -0.00480646 0.0279163 0.644665 0.504503 -0.683745 0 0 0.040006 -0.317378 -0.492689 -0.596505 -0.148475 -0.255717 -0.224918 -0.0119329 -0.0871213 -0.187221 0.196722 -0.209266 0.38198 -0.198763 -0.491254 0.232734 -0.561878 -0.628856 -0.713965 -0.344457 -0.467841 -0.560388 0 0 0 -0.469202 -0.933252 -0.338057 -0.544253 -0.338964 -0.94805 -0.191259 -0.720341 -0.810556 -0.555023 -0.636261 -0.741961 -0.841505 -0.574624 -0.663204 -0.368453 0.499557 -0.76569 0.596653 -0.38347 0.402536 -0.755269 0.527826 -0.331334 -0.383471 -0.247353 -0.283726 0 0 0 
-0.472193 -0.0164776 0.0838278 0.690352 0.459608 -0.684254 0 0 0.040006 -0.327737 -0.498791 -0.599652 -0.352856 -0.526209 -0.385926 -0.183825 -0.320561 -0.361505 -0.0352978 -0.440612 0.116793 -0.400636 -0.714545 -0.0378242 -0.564765 -0.630093 -0.715173 -0.344457 -0.467841 -0.560388 0 0 0 -0.745889 -0.788129 -0.28891 -0.471352 -0.338964 -0.859545 -0.191259 -0.721385 -0.810556 -0.5533 -0.636261 -0.742456 -0.841505 -0.573091 -0.663204 -0.283698 0.499557 -0.656743 0.596653 -0.304622 0.402536 -0.644402 0.527826 -0.331334 -0.383471 -0.247353 -0.283726 0 0 0 
-0.473064 -0.0316687 0.0684206 0.754186 0.444337 -0.684975 0 0 0.33125 -0.337004 -0.504333 -0.602862 -0.515022 -0.677709 -0.536619 -0.372622 -0.480091 -0.529657 -0.198499 -0.539837 -0.126963 -0.54747 -0.785266 -0.291985 -0.566792 -0.630982 -0.716154 -0.344457 -0.467841 -0.560388 0 0 0 -0.30319 -0.715568 -0.272528 -0.404062 -0.338964 -0.783215 -0.191259 -0.7226 -0.810556 -0.551678 -0.636261 -0.743016 -0.841505 -0.571769 -0.663204 -0.200953 0.499557 -0.549203 0.596653 -0.231343 0.402536 -0.54197 0.527826 -0.331334 -0.383471 -0.247353 -0.283726 0 0 0 
-0.475286 -0.0677925 0.0277323 0.796645 0.510023 -0.68607 0 0 0.33125 -0.343741 -0.506101 -0.605585 -0.635646 -0.750851 -0.667771 -0.535024 -0.584846 -0.694392 -0.40734 -0.606913 -0.362581 -0.715545 -0.809927 -0.543063 -0.566497 -0.631655 -0.716889 -0.344457 -0.467841 -0.560388 0 0 0 -0.247853 -0.739755 -0.28891 -0.343482 -0.338964 -0.69575 -0.191259 -0.72371 -0.810556 -0.550201 -0.636261 -0.743611 -0.841505 -0.57068 -0.663204 -0.121057 0.499557 -0.451189 0.596653 -0.159073 0.402536 -0.448054 0.527826 -0.331334 -0.383471 -0.247353 -0.283726 0 0 0 
-0.480052 -0.162479 -0.0598766 0.752001 0.443771 -0.686168 0 0 0.622494 -0.344559 -0.506863 -0.607102 -0.625042 -0.79701 -0.773785 -0.538061 -0.709857 -0.856322 -0.655853 -0.687428 -0.606281 -0.880972 -0.868857 -0.793306 -0.565316 -0.631943 -0.717344 -0.344457 -0.467841 -0.560388 0 0 0 -0.413865 -0.884877 -0.338057 -0.293371 -0.338964 -0.60177 -0.191259 -0.724629 -0.810556 -0.549029 -0.636261 -0.7442 -0.841505 -0.569859 -0.663204 -0.0477887 0.499557 -0.357807 0.596653 -0.0941676 0.402536 -0.355628 0.527826 -0.331334 -0.383471 -0.247353 -0.283726 0 0 0 
-0.483287 -0.2425 -0.119884 0.624971 0.305557 -0.687232 0 0 0.768116 -0.339666 -0.508279 -0.607813 -0.505925 -0.840698 -0.871284 -0.460842 -0.841097 -1.00621 -0.813202 -0.803864 -0.826724 -0.916716 -0.961143 -1.0216 -0.563216 -0.631972 -0.716762 -0.344457 -0.467841 -0.560388 0 0 0 -0.911901 -1.03 -0.419969 -0.251801 -0.338964 -0.515701 -0.191259 -0.725273 -0.810556 -0.548063 -0.636261 -0.74476 -0.841505 -0.569325 -0.663204 0.0157064 0.499557 -0.267232 0.596653 -0.0394278 0.402536 -0.266287 0.527826 -0.331334 -0.383471 -0.247353 -0.283726 0 0 0 
-0.482108 -0.202765 -0.0675419 0.528369 0.250182 -0.686719 0 0 0.622494 -0.336073 -0.508744 -0.608288 -0.433023 -0.855565 -0.971074 -0.451063 -0.944229 -1.12804 -0.880901 -0.912986 -0.943516 -0.871077 -0.990438 -1.10905 -0.560476 -0.631916 -0.715435 -0.344457 -0.467841 -0.560388 0 0 0 -0.579877 -0.788129 -0.50188 -0.209696 -0.338964 -0.436044 -0.191259 -0.725599 -0.810556 -0.547288 -0.636261 -0.745284 -0.841505 -0.56904 -0.663204 0.0715495 0.499557 -0.179941 0.596653 0.00979592 0.402536 -0.185 0.527826 -0.331334 -0.383471 -0.247353 -0.283726 0 0 0 
-0.482474 -0.197596 -0.0966782 0.512798 0.133275 -0.686838 0 0 0.476872 -0.334453 -0.509267 -0.608453 -0.45853 -0.874944 -0.988006 -0.505046 -1.04888 -1.18236 -0.909334 -0.931514 -0.959926 -0.795448 -0.946996 -1.08071 -0.557877 -0.631886 -0.709023 -0.344457 -0.467841 -0.560388 0 0 0 -0.30319 -0.497884 -0.485498 -0.169455 -0.338964 -0.362518 -0.191259 -0.725647 -0.810556 -0.546898 -0.636261 -0.745778 -0.841505 -0.568991 -0.663204 0.123791 0.499557 -0.0947207 0.596653 0.0511724 0.402536 -0.109455 0.527826 -0.331334 -0.383471 -0.247353 -0.283726 0 0 0 
-0.478505 -0.0949338 0.00245845 0.385545 0.138955 -0.686124 0 0 0.33125 -0.3355 -0.51036 -0.607646 -0.578851 -0.914174 -0.980142 -0.665482 -1.19398 -1.23603 -0.903052 -0.910745 -0.936127 -0.687304 -0.883594 -1.01257 -0.557357 -0.631815 -0.701852 -0.344457 -0.467841 -0.560388 0 0 0 -0.358527 -0.256014 -0.35444 -0.124459 -0.338964 -0.296323 -0.191259 -0.725642 -0.810556 -0.54702 -0.636261 -0.74624 -0.841505 -0.569159 -0.663204 0.16808 0.499557 -0.0124343 0.596653 0.0906758 0.402536 -0.0349508 0.527826 -0.331334 -0.383471 -0.247353 -0.283726 0 0 0 
-0.478682 -0.090306 -0.00698293 0.310278 0.16889 -0.686571 0 0 0.185628 -0.338969 -0.510049 -0.607307 -0.742733 -0.918823 -0.985026 -0.97958 -1.32061 -1.31005 -0.828883 -0.888618 -0.908591 -0.600725 -0.840346 -0.963792 -0.55771 -0.631568 -0.68642 -0.344457 -0.467841 -0.560388 0 0 0 -0.635214 0.0100442 -0.125087 -0.0814142 -0.338964 -0.241567 -0.191259 -0.72567 -0.810556 -0.547491 -0.636261 -0.746658 -0.841505 -0.569494 -0.663204 0.207113 0.499557 0.0630267 0.596653 0.129483 0.402536 0.0319618 0.527826 -0.331334 -0.383471 -0.247353 -0.283726 0 0 0 
-0.481007 -0.144953 -0.0639622 0.356685 0.206398 -0.685207 0 0 -0.105616 -0.341627 -0.507998 -0.607305 -0.846879 -0.888089 -0.999545 -1.24407 -1.40632 -1.36613 -0.741719 -0.850813 -0.912846 -0.568424 -0.803217 -0.950151 -0.559083 -0.630065 -0.67051 -0.344457 -0.467841 -0.560388 0 0 0 -0.690552 0.348663 0.169795 -0.0439209 -0.338964 -0.196143 -0.191259 -0.725826 -0.810556 -0.548356 -0.636261 -0.746927 -0.841505 -0.569945 -0.663204 0.246072 0.499557 0.128422 0.596653 0.16796 0.402536 0.0883943 0.527826 -0.331334 -0.383471 -0.247353 -0.283726 0 0 0 
-0.485147 -0.271867 -0.192361 0.321277 0.164991 -0.686269 0 0 0.185628 -0.341671 -0.504873 -0.604996 -0.873312 -0.826033 -0.965141 -1.43612 -1.41109 -1.36722 -0.684443 -0.794638 -0.935165 -0.53042 -0.734155 -0.921856 -0.561881 -0.627245 -0.63896 -0.344457 -0.467841 -0.560388 0 0 0 0.250184 0.614721 0.448294 -0.0160393 -0.338964 -0.150136 -0.191259 -0.726228 -0.810556 -0.549567 -0.636261 -0.746952 -0.841505 -0.570524 -0.663204 0.281813 0.499557 0.185936 0.596653 0.20292 0.402536 0.13914 0.527826 -0.331334 -0.383471 -0.247353 -0.283726 0 0 0 
-0.488849 -0.442872 -0.374919 0.272111 0.112353 -0.685571 0 0 0.33125 -0.338319 -0.500736 -0.602275 -0.773361 -0.718792 -0.895011 -1.48036 -1.34918 -1.34252 -0.552884 -0.726937 -0.93397 -0.440112 -0.655004 -0.87759 -0.563963 -0.614558 -0.609207 -0.344457 -0.467841 -0.560388 0 0 0 0.96957 0.808218 0.661264 0.000245374 -0.338964 -0.106165 -0.191259 -0.726796 -0.810556 -0.550977 -0.636261 -0.745951 -0.838873 -0.571177 -0.663204 0.314043 0.499557 0.23974 0.596653 0.234163 0.402536 0.181796 0.527826 -0.331334 -0.383471 -0.247353 -0.283726 0 0 0 
-0.490203 -0.539113 -0.539704 0.161547 0.0974408 -0.68724 0 0 0.622494 -0.331975 -0.496954 -0.600476 -0.530916 -0.593449 -0.822012 -1.42408 -1.29256 -1.32513 -0.358434 -0.645047 -0.902305 -0.360522 -0.579434 -0.838903 -0.565468 -0.600423 -0.564944 -0.344457 -0.467841 -0.560388 0 0 0 1.46761 1.00171 0.759558 0.0101248 -0.338964 -0.0569997 -0.191259 -0.72747 -0.810556 -0.552265 -0.636261 -0.74388 -0.828487 -0.571872 -0.663204 0.340747 0.499557 0.285354 0.596653 0.263406 0.402536 0.222521 0.527826 -0.331334 -0.383471 -0.247353 -0.283726 0 0 0 
-0.48948 -0.496437 -0.770463 0.104484 0.0136193 -0.687132 0 0 0.913738 -0.320884 -0.493308 -0.597882 -0.165359 -0.46059 -0.720392 -1.18031 -1.19333 -1.2259 -0.205797 -0.550275 -0.851242 -0.266068 -0.481315 -0.793263 -0.564993 -0.570403 -0.519056 -0.344457 -0.467841 -0.560388 0 0 0 1.68896 1.07428 0.759558 0.0220213 -0.338964 -0.009965 -0.191259 -0.728073 -0.810556 -0.55333 -0.636261 -0.739587 -0.806431 -0.57256 -0.663204 0.364215 0.499557 0.325555 0.596653 0.288167 0.402536 0.262528 0.527826 -0.331334 -0.383471 -0.247353 -0.283726 0 0 0 
-0.485442 -0.313625 -0.632686 0.156242 0.0120248 -0.687582 0 0 1.05936 -0.31172 -0.489622 -0.595034 0.110189 -0.347635 -0.628565 -0.865432 -1.02082 -1.09219 -0.0608906 -0.449535 -0.804645 -0.146334 -0.358789 -0.730856 -0.559025 -0.539325 -0.443636 -0.344457 -0.467841 -0.560388 0 0 0 1.74429 1.09846 0.694029 0.0436937 -0.338964 0.0310033 -0.191259 -0.728154 -0.810556 -0.554078 -0.636261 -0.733135 -0.783598 -0.573214 -0.663204 0.38848 0.499557 0.36568 0.596653 0.311793 0.402536 0.302195 0.527826 -0.331334 -0.383471 -0.247353 -0.283726 0 0 0 
-0.482964 -0.235448 -0.587806 0.211537 0.160556 -0.688263 0 0 1.78747 -0.30638 -0.484719 -0.593528 0.253613 -0.260593 -0.583809 -0.506595 -0.846261 -0.989937 0.0917051 -0.377674 -0.771196 -0.0117385 -0.267918 -0.681052 -0.547818 -0.478303 -0.373579 -0.344457 -0.467841 -0.560388 0 0 0 1.24626 0.95334 0.497441 0.0687519 -0.338964 0.061469 -0.191259 -0.727321 -0.810092 -0.554457 -0.636261 -0.722451 -0.738763 -0.573826 -0.663204 0.413615 0.499557 0.40249 0.596653 0.339812 0.402536 0.338236 0.527826 -0.331334 -0.383471 -0.247353 -0.283726 0 0 0 
-0.484566 -0.280831 -0.603715 0.429186 0.252253 -0.688112 0 0 1.78747 -0.304349 -0.480735 -0.592475 0.311114 -0.182663 -0.554938 -0.198834 -0.680916 -0.902288 0.115514 -0.375581 -0.760378 0.0156285 -0.244774 -0.655214 -0.504747 -0.420606 -0.288422 -0.344457 -0.467841 -0.560388 0 0 0 0.582208 0.687282 0.218942 0.0903173 -0.338964 0.0792631 -0.191259 -0.723093 -0.779372 -0.554512 -0.636261 -0.708041 -0.696373 -0.574403 -0.663204 0.445031 0.499557 0.435685 0.596653 0.369928 0.402536 0.370445 0.527826 -0.331334 -0.383471 -0.247353 -0.283726 0 0 0 
-0.482718 -0.223716 -0.68567 0.459115 0.274896 -0.688134 0 0 1.78747 -0.306978 -0.479144 -0.591508 0.223435 -0.139688 -0.528059 -0.0820078 -0.558396 -0.7955 -0.0121268 -0.398301 -0.76817 -0.054018 -0.276511 -0.641118 -0.456736 -0.335532 -0.195696 -0.344457 -0.467841 -0.560388 0 0 0 0.0288342 0.397037 -0.0431755 0.114021 -0.338964 0.0900582 -0.191259 -0.715294 -0.745128 -0.554506 -0.636261 -0.688194 -0.633867 -0.574942 -0.663204 0.476153 0.499557 0.463188 0.596653 0.399605 0.402536 0.400593 0.527826 -0.331334 -0.383471 -0.247353 -0.283726 0 0 0 
-0.476947 -0.0952366 -0.739707 0.302997 0.207531 -0.687566 0 0 1.78747 -0.313344 -0.477913 -0.591647 0.0241292 -0.10746 -0.536379 -0.0185086 -0.367478 -0.676278 -0.176864 -0.407974 -0.752677 -0.120715 -0.30126 -0.618729 -0.358858 -0.247751 -0.0807867 -0.344457 -0.467841 -0.560388 0 0 0 -0.469202 0.0584183 -0.370822 0.143432 -0.338964 0.103057 -0.191259 -0.700326 -0.675316 -0.554539 -0.636261 -0.663047 -0.569373 -0.57543 -0.663204 0.500982 0.499557 0.487357 0.596653 0.425792 0.402536 0.42612 0.527826 -0.331334 -0.383471 -0.247353 -0.283726 0 0 0 
-0.476221 -0.082528 -0.656122 0.351563 0.155189 -0.679571 0 0 1.93309 -0.317886 -0.477729 -0.591989 -0.126423 -0.0982647 -0.543874 0.120911 -0.156764 -0.543312 -0.293792 -0.425936 -0.728862 -0.11906 -0.302501 -0.585406 -0.263593 -0.105106 0.0443378 -0.344457 -0.467841 -0.560388 0 0 0 -0.967239 -0.328575 -0.698468 0.172336 -0.338964 0.126738 -0.191259 -0.678807 -0.607368 -0.554719 -0.636261 -0.629179 -0.464569 -0.575745 -0.663204 0.526377 0.499557 0.512349 0.596653 0.449199 0.402536 0.450475 0.527826 -0.331334 -0.383471 -0.247353 -0.283726 0 0 0 
-0.475733 -0.0724399 -0.313176 0.433492 0.301661 -0.67454 0 0 1.64185 -0.31346 -0.479337 -0.590116 -0.12164 -0.125679 -0.52729 0.245995 -0.0421279 -0.423515 -0.428923 -0.470489 -0.727262 -0.121357 -0.317146 -0.570379 -0.0802337 0.0242198 0.181932 -0.344457 -0.467841 -0.560388 0 0 0 -0.469202 -0.763942 -1.02611 0.200629 -0.338964 0.154119 -0.191259 -0.644641 -0.476587 -0.555186 -0.636261 -0.587983 -0.369551 -0.575774 -0.663204 0.553342 0.499557 0.538236 0.596653 0.476519 0.402536 0.479362 0.527826 -0.331334 -0.383471 -0.247353 -0.283726 0 0 0 
-0.477946 -0.111437 -0.275849 0.38535 0.31603 -0.628237 0 0 1.64185 -0.309675 -0.482072 -0.580994 -0.0951119 -0.1878 -0.464729 0.194675 -0.0403236 -0.303646 -0.602343 -0.529689 -0.741344 -0.181059 -0.356095 -0.578318 0.0553566 0.171283 0.330962 -0.344457 -0.467841 -0.560388 0 0 0 -0.413865 -1.00581 -1.25547 0.22595 -0.338964 0.177683 -0.191259 -0.601989 -0.379877 -0.555845 -0.636261 -0.53871 -0.261501 -0.574605 -0.660278 0.577822 0.499557 0.570592 0.596653 0.50327 0.402536 0.510409 0.527826 -0.331334 -0.383471 -0.247353 -0.283726 0 0 0 
-0.484177 -0.264441 -0.639898 0.262869 0.241203 -0.621709 0 0 1.78747 -0.308795 -0.483948 -0.555904 -0.085056 -0.244289 -0.344615 0.135919 0.00371171 -0.127248 -0.604291 -0.57634 -0.737596 -0.225554 -0.39157 -0.58375 0.24361 0.321892 0.47911 -0.344457 -0.467841 -0.560388 0 0 0 -0.30319 -0.643007 -0.813145 0.242994 -0.338964 0.203584 -0.191259 -0.547594 -0.245604 -0.556627 -0.636261 -0.481583 -0.150846 -0.572187 -0.648733 0.597728 0.499557 0.602645 0.596653 0.526664 0.402536 0.541003 0.527826 -0.331334 -0.383471 -0.247353 -0.283726 0 0 0 
-0.483371 -0.240749 -0.736434 0.144556 0.218743 -0.547864 0 0 1.64185 -0.303865 -0.485419 -0.48995 0.0160461 -0.30944 -0.161596 0.314613 0.10165 0.134378 -0.474472 -0.590483 -0.700523 -0.224506 -0.418534 -0.561342 0.384589 0.497835 0.653222 -0.344457 -0.467841 -0.560388 0 0 0 -0.137178 -0.231827 -0.370822 0.260534 -0.338964 0.235721 -0.191259 -0.485382 -0.145051 -0.557326 -0.636261 -0.41543 -0.021577 -0.567172 -0.624213 0.613434 0.499557 0.628217 0.596653 0.548508 0.402536 0.568 0.527826 -0.331334 -0.383471 -0.247353 -0.283726 0 0 0 
-0.47361 -0.0294926 -0.297696 0.226409 0.353227 -0.543161 0 0 1.49623 -0.300839 -0.487015 -0.365197 0.0756617 -0.36533 0.0209275 0.392351 0.147402 0.381077 -0.420881 -0.602805 -0.64684 -0.296089 -0.468004 -0.524071 0.656234 0.678442 0.824655 -0.344457 -0.467841 -0.560388 0 0 0 -0.0818405 0.106792 0.0715007 0.287219 -0.338964 0.267303 -0.191259 -0.406855 0.0487009 -0.557421 -0.636261 -0.340447 0.111118 -0.559637 -0.59883 0.630942 0.499557 0.654372 0.596653 0.573676 0.402536 0.592131 0.527826 -0.331334 -0.383471 -0.247353 -0.283726 0 0 0 
-0.456843 0.16972 -0.0426352 0.254759 0.439099 -0.403143 0 0 1.20498 -0.312736 -0.487712 -0.254401 -0.0898604 -0.406255 0.144991 0.168407 0.159636 0.550812 -0.427615 -0.623338 -0.586773 -0.488219 -0.544426 -0.486561 0.797438 0.854931 1.00674 -0.344457 -0.467841 -0.560388 0 0 0 -0.192515 0.397037 0.464676 0.322018 -0.174626 0.29822 -0.191259 -0.321617 0.149415 -0.556454 -0.635735 -0.257349 0.240788 -0.547161 -0.548988 0.648639 0.499557 0.682144 0.596653 0.600535 0.402536 0.620295 0.527826 -0.331334 -0.383471 -0.247353 -0.283726 0 0 0 
-0.462445 0.11292 -0.121833 0.127264 0.308327 -0.419745 0 0 1.3506 -0.331388 -0.477248 -0.148777 -0.352344 -0.399328 0.238526 -0.0589898 0.204486 0.687849 -0.38163 -0.629417 -0.499145 -0.583816 -0.591683 -0.441779 0.950467 1.03768 1.17096 -0.344457 -0.467841 -0.560388 0 0 0 -0.247853 0.614721 0.808705 0.353082 -0.174626 0.325887 -0.191259 -0.229236 0.258563 -0.551549 -0.600885 -0.166181 0.375054 -0.530332 -0.501863 0.662173 0.499557 0.707356 0.596653 0.622616 0.402536 0.647874 0.527826 -0.331334 -0.383471 -0.247353 -0.283726 0 0 0 
-0.475635 -0.071791 -0.450121 0.213642 0.194078 -0.291416 0 0 1.3506 -0.342355 -0.436184 -0.0455689 -0.523009 -0.302293 0.337133 -0.0495548 0.359508 0.847365 -0.349768 -0.591916 -0.414509 -0.569702 -0.572566 -0.37874 1.10579 1.2062 1.38172 -0.344457 -0.467841 -0.560388 0 0 0 -0.192515 0.929153 1.11997 0.374984 -0.174626 0.344511 -0.191259 -0.129926 0.36935 -0.542501 -0.562037 -0.0681908 0.49887 -0.507153 -0.432376 0.677614 0.499557 0.727858 0.596653 0.640639 0.402536 0.671991 0.527826 -0.331334 -0.383471 -0.247353 -0.283726 0 0 0 
-0.474059 -0.0476675 -0.270689 0.307659 0.187662 -0.278929 0 0 1.20498 -0.351652 -0.320157 0.121535 -0.725193 -0.109172 0.461649 -0.118533 0.575943 1.01957 -0.390701 -0.537232 -0.370636 -0.548754 -0.503519 -0.304763 1.30725 1.41141 1.55546 -0.344457 -0.467841 -0.560388 0 0 0 -0.0265032 1.19521 1.38209 0.397197 -0.174626 0.363677 -0.191259 -0.0210962 0.513043 -0.525136 -0.48284 0.0384039 0.649644 -0.477785 -0.360679 0.695074 0.499557 0.744034 0.596653 0.657879 0.402536 0.694511 0.527826 -0.331334 -0.383471 -0.247353 -0.283726 0 0 0 
-0.473425 -0.0371391 -0.111721 0.216315 0.18602 -0.0132524 0 0 1.20498 -0.357417 -0.0947966 0.272174 -0.827061 0.142409 0.582766 -0.263366 0.760652 1.13211 -0.463213 -0.472357 -0.340528 -0.511852 -0.407616 -0.237066 1.43627 1.56903 1.71437 -0.344457 -0.467841 -0.560388 0 0 0 0.194846 1.46127 1.59506 0.419129 -0.174626 0.392834 -0.191259 0.0922482 0.605066 -0.500171 -0.405757 0.150472 0.765453 -0.438232 -0.24417 0.70954 0.499557 0.762065 0.596653 0.674507 0.402536 0.720458 0.527826 -0.331334 -0.383471 -0.247353 -0.283726 0 0 0 
-0.480223 -0.160028 -0.210531 0.110964 0.158256 -0.0639 0 0 1.05936 -0.343226 0.111396 0.375591 -0.655138 0.410124 0.724138 -0.0969746 0.944211 1.23975 -0.435117 -0.353708 -0.303759 -0.388224 -0.285937 -0.179291 1.50652 1.73346 1.84785 -0.344457 -0.467841 -0.560388 0 0 0 0.526871 1.63058 1.79164 0.43522 -0.174626 0.430859 -0.0112981 0.206266 0.655171 -0.460533 -0.257394 0.268128 0.886258 -0.390119 -0.13854 0.720794 0.499557 0.780292 0.596653 0.689834 0.402536 0.748147 0.527826 -0.331334 -0.383471 -0.247353 -0.283726 0 0 0 
-0.484304 -0.251936 -0.385728 0.0758199 0.207494 0.0714716 0 0 1.05936 -0.282937 0.312816 0.491824 -0.163187 0.720259 0.90317 0.434374 1.22501 1.38243 -0.364614 -0.167925 -0.258305 -0.242698 -0.133591 -0.120792 1.72203 1.87322 1.9732 -0.344457 -0.467841 -0.560388 0 0 0 1.08024 1.82407 1.88994 0.447022 -0.174626 0.464802 -0.0112981 0.329736 0.808884 -0.41105 -0.147682 0.389749 0.988941 -0.332576 -0.0184223 0.730788 0.499557 0.794231 0.596653 0.70601 0.402536 0.77091 0.527826 -0.331334 -0.383471 -0.247353 -0.283726 0 0 0 
-0.484092 -0.242111 -0.273931 0.0437543 0.221552 0.140194 0 0 0.913738 -0.150534 0.507518 0.751072 0.468099 1.03334 1.11839 1.07651 1.52295 1.55325 -0.297213 0.0167942 -0.149948 -0.142485 0.00896745 -0.0246016 1.81525 2.0922 2.07837 -0.344457 -0.467841 -0.520452 0 0 0 1.68896 1.94501 1.97185 0.458852 -0.174626 0.488734 -0.0112981 0.454915 0.875375 -0.347944 0.00464143 0.519445 1.14984 -0.265859 0.104592 0.739661 0.499557 0.810134 0.596653 0.722056 0.402536 0.789491 0.527826 -0.331334 -0.383471 -0.247353 -0.283726 0 0 0 
-0.485828 -0.322586 -0.243028 0.145125 0.19275 0.340755 0 0 0.33125 0.168255 0.815736 1.02702 1.18328 1.36026 1.35095 1.64815 1.76117 1.70235 -0.125063 0.149087 -0.0340093 -0.0135758 0.142285 0.0817697 2.02789 2.21451 2.13407 -0.344457 -0.467841 -0.43523 0 0 0 1.96564 1.92082 1.98823 0.467112 -0.174626 0.513006 -0.0112981 0.588742 1.02704 -0.275769 0.118713 0.65168 1.23969 -0.188602 0.248298 0.750781 0.499557 0.828116 0.596653 0.736851 0.402536 0.807264 0.527826 -0.331334 -0.383471 -0.247353 -0.283726 0 0 0 
-0.476707 -0.0796351 0.013634 0.178698 0.246915 0.441011 0 0 0.185628 0.771376 1.09315 1.17632 1.9364 1.65502 1.55489 2.25895 1.93 1.79696 0.115894 0.231811 0.0447065 0.194209 0.27022 0.156358 2.07806 2.3193 2.16132 -0.344457 -0.467841 -0.305539 0 0 0 2.07632 1.79989 1.90632 0.484656 -0.174626 0.536971 -0.0112981 0.721418 1.06282 -0.184667 0.338512 0.785418 1.31668 -0.101032 0.395813 0.762387 0.499557 0.843015 0.596653 0.7526 0.402536 0.824407 0.527826 -0.331334 -0.383471 -0.247353 -0.283726 0 0 0 
-0.449035 0.22991 0.366502 0.178642 0.299191 0.566917 0 0 -0.105616 1.30419 1.2783 1.28402 2.43925 1.86526 1.68462 2.6651 2.04964 1.83244 0.361538 0.297287 0.112868 0.432936 0.382682 0.215693 2.32202 2.37408 2.15049 -0.344457 -0.467841 -0.131518 0 0 0 1.91031 1.65476 1.75888 0.513641 -0.0987112 0.554553 -0.0112981 0.864049 1.23683 -0.0857785 0.452766 0.918003 1.35693 -0.00398436 0.539965 0.773644 0.499557 0.854606 0.596653 0.769211 0.402536 0.840208 0.527826 -0.331334 -0.383471 -0.247353 -0.283726 0 0 0 
-0.375971 0.555994 0.695172 0.127184 0.289372 0.720286 0 0 -0.542482 1.76999 1.46986 1.51378 2.61724 2.00128 1.7722 2.72747 2.10498 1.8612 0.680159 0.360627 0.183204 0.670799 0.48299 0.294146 2.31145 2.40174 2.12996 -0.344457 -0.467841 0.0870807 0 0 0 1.52294 1.43708 1.56229 0.554195 0.312557 0.567449 -0.0112981 1.00189 1.23683 0.0213968 0.576588 1.0481 1.37726 0.102487 0.689227 0.783348 0.499557 0.8649 0.596653 0.785088 0.402536 0.856884 0.527826 -0.331334 -0.383471 -0.247353 -0.283726 0 0 0 
-0.216689 0.852933 0.971342 0.178882 0.370497 0.76532 0 0 -0.979348 2.10907 1.87966 1.83491 2.47441 2.06315 1.79835 2.45932 2.08675 1.84459 0.976372 0.468434 0.266694 0.894716 0.605612 0.382347 2.62488 2.38838 2.09476 -0.344457 -0.398844 0.310547 0 0 0 0.692883 1.05009 1.28379 0.604718 0.687067 0.580376 -0.0112981 1.15309 1.45284 0.13661 0.702268 1.17375 1.37726 0.216927 0.826872 0.793981 0.499557 0.874038 0.596653 0.802513 0.402536 0.873426 0.527826 -0.331334 -0.383471 -0.247353 -0.283726 0 0 0 
0.202171 1.16102 1.27666 0.451763 0.54153 1.0778 0 0 -0.833726 2.48543 2.21669 1.96048 2.14257 1.98454 1.71582 2.05291 1.91911 1.71799 1.0781 0.560674 0.324773 1.02387 0.68001 0.426074 2.6053 2.28878 2.03925 -0.344457 -0.251606 0.533612 0 0 0 -0.192515 0.638908 0.956146 0.665198 1.07564 0.589401 -0.0112981 1.29891 1.45284 0.262869 0.865279 1.29088 1.37726 0.341415 0.994485 0.810611 0.499557 0.885491 0.596653 0.823615 0.402536 0.888678 0.527826 -0.331334 -0.383471 -0.247353 -0.283726 0 0 0 
0.829163 1.38708 1.47681 0.683157 0.769905 1.13277 0 0 -0.979348 2.30398 2.14277 1.89077 1.52887 1.77403 1.55135 1.42905 1.66278 1.51318 0.998194 0.575597 0.332226 0.98682 0.654987 0.433983 2.57051 2.12294 1.91567 -0.344457 -0.0275384 0.757206 0 0 0 -0.856564 0.227728 0.6285 0.73222 1.36075 0.60857 -0.0112981 1.43875 1.45284 0.394365 0.969673 1.3966 1.37726 0.472295 1.12323 0.83204 0.499557 0.897443 0.596653 0.849618 0.475831 0.904914 0.527826 -0.331334 -0.383471 -0.247353 -0.283726 0 0 0 
0.711729 1.3503 1.44641 0.820989 0.955109 1.37161 0 0 -0.688104 1.66226 1.91128 1.87064 0.885938 1.51309 1.41224 0.788004 1.39243 1.35569 0.735177 0.506579 0.300541 0.755236 0.565383 0.409687 2.3923 1.92473 1.75346 -0.344457 0.273117 0.981472 0 0 0 -0.579877 -0.159265 0.333618 0.796057 1.36075 0.640243 0.0718334 1.56524 1.45284 0.526642 1.02651 1.48983 1.37726 0.609703 1.25752 0.855968 0.499557 0.909038 0.596653 0.879294 0.674772 0.922039 0.527826 -0.331334 -0.383471 -0.247353 -0.283726 0 0 0 
0.672833 1.35753 1.4188 1.07683 1.02318 1.33592 0 0 -0.688104 1.16014 1.9449 2.12564 0.402752 1.28326 1.33144 0.337419 1.15996 1.2509 0.29557 0.352324 0.242876 0.394892 0.444503 0.3785 2.16893 1.7123 1.59112 -0.344457 0.65079 1.20612 0 0 0 -0.30319 -0.473697 0.120648 0.858402 1.36075 0.684555 0.522198 1.67657 1.45284 0.669886 1.20089 1.5704 1.37726 0.751739 1.37168 0.884905 0.678565 0.919032 0.596653 0.909751 0.747889 0.938407 0.527826 -0.331334 -0.383471 -0.247353 -0.283726 0 0 0 
0.632431 1.33057 1.42202 1.05019 1.01048 1.86436 0 0 -0.39686 1.41278 2.19827 2.27319 0.187598 1.06484 1.23502 0.138382 0.92027 1.12966 -0.0848383 0.189163 0.151592 0.145829 0.346932 0.312903 1.72538 1.42787 1.40143 -0.158858 1.03687 1.43094 0 0 0 -0.30319 -0.715568 -0.0759402 0.918118 1.36075 0.739761 0.932311 1.76199 1.45284 0.815111 1.27632 1.63546 1.37726 0.903206 1.55054 0.912478 0.678565 0.929983 0.596653 0.939091 0.747889 0.956371 0.527826 -0.331334 -0.383471 -0.247353 -0.283726 0 0 0 
1.29181 1.48866 1.56678 0.868482 1.01239 1.6748 0 0 -0.39686 1.53358 2.0903 2.16009 0.0532407 0.792267 1.07003 -0.00432477 0.646408 0.934787 -0.325315 0.0721389 0.0734587 -0.0411564 0.23572 0.229902 0.95595 1.12179 1.16217 0.237201 1.42226 1.65584 0 0 0 -0.635214 -0.884877 -0.239763 0.981702 1.48886 0.805846 1.35782 1.80593 1.45284 0.970369 1.44837 1.68461 1.37726 1.05764 1.65043 0.9354 0.678565 0.947111 0.596653 0.967692 0.747889 0.978125 0.527826 -0.331334 -0.383471 -0.247353 -0.283726 0 0 0 
1.12075 1.45146 1.53028 0.768608 1.02634 1.81985 0 0 -0.39686 1.01574 1.72371 1.98533 -0.0917071 0.447636 0.889406 -0.153168 0.328156 0.749198 -0.416263 0.0138617 0.0135637 -0.254181 0.128429 0.145024 0.466421 0.800368 0.936546 0.839929 1.80857 1.88069 0 0 0 -0.856564 -0.981626 -0.403587 1.04234 1.48886 0.87908 1.67004 1.8241 1.45284 1.12429 1.48897 1.7178 1.37726 1.21383 1.73602 0.955594 0.678565 0.969181 0.596653 0.995854 0.751283 1.00493 0.5975 -0.331334 -0.383471 -0.247353 -0.283726 0 0 0 
0.615635 1.33019 1.40298 0.597392 0.900878 1.80738 0 0 -0.542482 0.911399 1.65268 1.95791 -0.112439 0.212121 0.74261 -0.178719 0.114135 0.605883 -0.375333 -0.0250168 -0.0103856 -0.327366 0.0414402 0.0773121 -0.162966 0.459805 0.72517 1.64867 2.19603 2.05506 0 0 0 -0.856564 -1.03 -0.576771 1.09733 1.48886 0.948834 1.67004 1.81056 1.45284 1.28977 1.68637 1.73478 1.37726 1.36867 1.78077 0.971671 0.678565 0.993825 0.596653 1.0205 0.751283 1.03553 0.786613 -0.331334 -0.383471 -0.247353 -0.283726 0 0 0 
0.736604 1.36052 1.43973 0.50231 0.780943 1.81976 0 0 -0.542482 1.56053 2.12305 1.98389 0.00423743 0.0994851 0.59564 -0.0636499 0.0098607 0.464038 -0.227504 -0.0175266 -0.01555 -0.194035 0.0175509 0.0363054 -0.495638 0.159433 0.506874 2.66459 2.58415 2.25625 0 0 0 -0.801227 -0.981626 -0.748875 1.15192 1.48886 1.01696 1.67004 1.78107 1.45284 1.44968 1.68637 1.73795 1.37726 1.5206 1.80336 0.985364 0.678565 1.02363 0.764139 1.04189 0.751283 1.06692 0.856118 -0.331334 -0.383471 -0.247353 -0.283726 0 0 0 
2.23318 1.63455 1.67786 0.946838 1.1235 1.84285 41.6937 0 -0.542482 1.99715 2.11755 1.84121 0.0506517 -0.0269231 0.398967 -0.0317358 -0.104029 0.274837 -0.040909 -0.0709623 -0.0573348 -0.0613787 -0.0674856 -0.0252786 -0.863538 -0.0592995 0.297473 3.51753 2.90357 2.44104 0 0 0 -0.690552 -1.00581 -0.91963 1.2141 1.67287 1.08221 1.67004 1.73454 1.45284 1.6251 1.93142 1.73143 1.37726 1.66735 1.80336 1.00781 0.678565 1.05203 0.764139 1.07014 0.855657 1.09717 0.856118 -0.23964 0.18732 -0.247353 -0.283726 0 0 0 
2.40485 1.65558 1.68206 1.07413 1.18632 1.66859 88.972 0 -0.688104 0.981005 1.48637 1.52865 -0.117886 -0.202841 0.16657 -0.174291 -0.257079 0.0709255 -0.0154585 -0.217373 -0.156101 -0.140876 -0.214803 -0.129547 -0.640757 -0.286085 0.117038 3.97254 3.0759 2.55775 0 0 0 -0.745889 -1.03 -1.09462 1.27542 1.6994 1.15168 1.81033 1.6998 1.45284 1.79427 1.93142 1.71524 1.37726 1.80414 1.80336 1.03226 0.678565 1.07563 0.764139 1.09903 0.923132 1.12666 0.856118 -0.0475601 0.834567 -0.247353 -0.283726 0 0 0 
1.07906 1.44389 1.47058 0.933574 0.966237 1.71366 135.399 0 -0.542482 0.336558 1.10028 1.37864 -0.219047 -0.294473 -0.0434251 -0.248616 -0.321741 -0.101424 -0.0380139 -0.346655 -0.243097 -0.128695 -0.30937 -0.212106 -0.680595 -0.404516 -0.0272464 4.01289 3.09308 2.5938 0 0 0 -0.856564 -1.00581 -1.19813 1.32845 1.6994 1.21795 1.81033 1.66405 1.45284 1.9565 1.93142 1.69438 1.37726 1.9276 1.80336 1.0533 0.678565 1.09643 0.764139 1.12257 0.923132 1.15569 0.859344 0.23936 1.47016 -0.247353 -0.283726 0 0 0 
0.67928 1.34662 1.3964 0.796141 0.974897 1.59038 181.679 0 -0.542482 0.870226 1.32025 1.44753 -0.118082 -0.259001 -0.177043 -0.127029 -0.283484 -0.211621 -0.0563588 -0.369492 -0.296851 -0.0412834 -0.318656 -0.264181 -0.604835 -0.493477 -0.141618 3.64366 2.95463 2.53845 0 0 0 -0.911901 -0.919814 -1.26639 1.37711 1.6994 1.27803 1.81033 1.63269 1.45284 2.10325 1.93142 1.67025 1.37726 2.03648 1.80336 1.07112 0.678565 1.11299 0.764139 1.14571 0.923132 1.1811 0.859344 0.61734 2.10374 -0.247353 -0.283726 0 0 0 
2.05866 1.61023 1.66673 0.687919 1.05904 1.77766 228.219 0 -0.542482 1.96495 1.35605 1.36477 -0.0239035 -0.261227 -0.309889 -0.0487182 -0.28445 -0.321346 -0.0246569 -0.331624 -0.31842 -0.00149203 -0.311131 -0.3226 -0.539126 -0.546266 -0.260471 2.86304 2.66473 2.37377 0 0 0 -0.856564 -0.878831 -1.29847 1.43283 1.6994 1.33768 1.81033 1.60512 1.45284 2.23241 1.93142 1.6445 1.37726 2.13058 1.80336 1.08641 0.678565 1.12709 0.764139 1.17002 0.923132 1.20315 0.859344 1.08363 2.74087 -0.247353 -0.283726 0 0 0 
3.25085 1.74488 1.77379 0.888825 1.21191 1.79822 233.301 0 -0.688104 1.38876 0.859221 0.920721 -0.130801 -0.346289 -0.469857 -0.163032 -0.362441 -0.450285 -0.0727599 -0.273117 -0.363169 -0.166097 -0.337802 -0.420926 -0.425685 -0.65472 -0.389369 1.85339 2.28887 2.15674 0 0 0 -0.856564 -0.867601 -1.31164 1.49137 1.81202 1.40563 2.01183 1.58337 1.45284 2.33151 1.93142 1.61489 1.37726 2.20656 1.80336 1.1052 0.678565 1.15021 0.764139 1.19687 0.950625 1.23228 0.958562 1.54933 2.81044 -0.0470461 0.498608 0 0 0 
1.78563 1.56981 1.60286 1.04123 1.10119 1.9671 232.881 0 -0.688104 0.661541 0.486595 0.657045 -0.219686 -0.420522 -0.572334 -0.264232 -0.422924 -0.531535 -0.139295 -0.280899 -0.452441 -0.237395 -0.368453 -0.505127 -0.590869 -0.719452 -0.56628 1.00899 1.90637 1.93638 0 0 0 -0.911901 -0.933252 -1.29642 1.54321 1.81202 1.47262 2.04088 1.5547 1.45284 2.38249 1.93142 1.58332 1.37726 2.26397 1.80336 1.12644 0.678565 1.17539 0.764139 1.22086 0.950625 1.26206 1.0227 2.00322 2.81044 0.372551 1.38573 0 0 0 
0.784173 1.37687 1.41118 1.07679 1.17053 1.65022 233.435 0 -0.542482 1.06898 0.862216 0.886683 -0.156577 -0.362763 -0.55055 -0.199526 -0.369047 -0.510081 -0.287037 -0.357736 -0.551742 -0.265364 -0.402701 -0.581318 -0.728934 -0.756879 -0.645848 0.374242 1.52415 1.71608 0 0 0 -0.911901 -0.957439 -1.25547 1.58802 1.81202 1.53057 2.04088 1.52056 1.45284 2.40357 1.93142 1.55098 1.37726 2.30272 1.80336 1.14786 0.678565 1.19706 0.764139 1.24567 0.950625 1.28632 1.0227 2.44767 2.81228 0.999328 2.25688 0 0 0 
1.80349 1.57254 1.62245 0.910326 1.13267 1.59301 234.135 0 -0.542482 1.53394 1.17059 1.09734 -0.104541 -0.329644 -0.530728 -0.170898 -0.346794 -0.501284 -0.365115 -0.421463 -0.604553 -0.366497 -0.440784 -0.636587 -0.573792 -0.652467 -0.650222 -0.0596503 1.13972 1.4941 0 0 0 -0.870398 -0.945345 -1.16946 1.63763 1.81202 1.58374 2.04088 1.49402 1.45284 2.38786 1.93142 1.52355 1.37726 2.32255 1.80336 1.16569 0.678565 1.21542 0.764139 1.26916 0.950625 1.31018 1.0227 2.88329 2.82186 1.82502 3.12527 0 0 0 
4.51395 1.84445 1.8442 0.974421 1.23224 1.65504 234.535 0 -0.688104 -0.498426 -0.185301 0.043991 -0.359772 -0.507091 -0.683919 -0.418744 -0.500625 -0.623983 -0.488857 -0.529493 -0.671335 -0.528323 -0.555621 -0.729484 -0.462638 -0.537256 -0.620611 -0.291939 0.753159 1.27062 0 0 0 -0.893456 -0.965501 -1.17356 1.69412 1.93761 1.64463 2.04088 1.47292 1.45284 2.35365 1.93142 1.50129 1.37726 2.32625 1.80336 1.18429 0.678565 1.23116 0.764139 1.29405 0.972454 1.33525 1.0227 3.30981 2.82734 2.84364 3.99854 0 0 0 
3.31408 1.74737 1.73213 0.94128 1.07973 1.91907 234.709 0 -0.688104 -3.28481 -2.09985 -1.36221 -0.671185 -0.773139 -0.91044 -0.678371 -0.710148 -0.793794 -0.72741 -0.700711 -0.759222 -0.641905 -0.662221 -0.784225 -0.610808 -0.645458 -0.76843 -0.319558 0.365403 1.04629 0 0 0 -0.93957 -1.03 -1.21451 1.74651 1.93761 1.7086 2.1642 1.44592 1.45284 2.29966 1.93142 1.47531 1.37726 2.31864 1.80336 1.20188 0.678565 1.25051 0.764139 1.31546 0.972454 1.36292 1.04884 3.72709 2.82972 3.86096 4.09389 0 0 0 
1.21455 1.47458 1.46095 0.799038 1.01189 1.68519 234.801 0 -0.688104 -3.49624 -2.42553 -1.7322 -0.712843 -0.828055 -0.991779 -0.636067 -0.700041 -0.807274 -0.894583 -0.815115 -0.855981 -0.585067 -0.652254 -0.788369 -0.581424 -0.59204 -0.719979 -0.32638 0.0455766 0.821122 0 0 0 -0.801227 -0.933252 -1.27185 1.78988 1.93761 1.76523 2.1642 1.42077 1.45284 2.25936 1.93142 1.45196 1.37726 2.29974 1.80336 1.21651 0.678565 1.27239 0.764139 1.3351 0.972454 1.38765 1.04884 4.13526 2.83098 4.85247 4.09389 0 0 0 
1.05508 1.43704 1.48405 0.63492 1.01569 1.75041 234.751 0 -0.542482 -3.23484 -2.21914 -1.72483 -0.671664 -0.794976 -0.990139 -0.575685 -0.66356 -0.796847 -0.807089 -0.7765 -0.849992 -0.549239 -0.624548 -0.788319 -0.385169 -0.595589 -0.721137 -0.334924 -0.195751 0.596219 0 0 0 -0.801227 -0.933252 -1.23908 1.78988 1.93761 1.8142 2.1642 1.42077 1.45284 2.21788 1.93142 1.45196 1.37726 2.27537 1.80336 1.21651 0.678565 1.29445 0.764139 1.3351 0.972454 1.41323 1.04884 4.13526 2.83098 5.82337 4.0964 0 0 0 
