10 9
2.60043 2.30388 1.79633 0.22788 0.447538 -0.359445 0 0 1.21389 
-0.153751 -0.150014 0.561066 -1.22901 -2.09953 -0.35857 0 0 -0.964884 
0.487822 0.653303 0.751555 0.785231 -0.226007 -0.359209 0 0 -1.27614 
-0.617989 -0.594521 -0.624028 -1.92 -0.511077 -0.358419 0 0 -0.653631 
-0.913241 -1.12079 -1.85047 0.78825 -0.167729 -0.360672 0 0 1.52514 
-0.291145 -0.25759 0.29782 -0.731317 -0.422238 -0.360185 0 0 0.280128 
0.141634 0.599159 -0.233042 0.936865 1.73362 -0.360241 0 0 -0.653631 
-0.336298 -0.293131 -0.0589722 0.47161 0.714806 -0.359823 0 0 -0.342378 
-0.212337 -0.0844508 0.28339 -0.236397 -0.0631796 0.0547433 0 0 1.21389 
-0.705129 -1.05584 -0.923649 0.906887 0.5938 2.82182 0 0 -0.342378 
