10 9
0.138766 0.429817 0.357203 1.49045 1.55468 1.74011 0 -0.217643 0.774597 
-0.314366 0.168162 0.132452 0.0704635 0.414669 1.40183 0 0.870572 -0.193649 
-0.134161 0.241371 0.24344 0.300036 -0.124484 0.659435 0 0.870572 0.774597 
0.18948 0.424774 0.414755 0.337065 0.574268 -0.0204319 12.2758 0.870572 0.774597 
1.41792 0.85156 0.808766 1.16353 0.989766 -0.152816 30.0381 0.870572 0.774597 
1.62123 0.894308 0.881756 0.830841 0.762791 -0.392109 0 0.870572 -0.193649 
0.372238 0.48681 0.554892 -0.860965 -0.813172 -0.752793 0 -0.217643 0.774597 
-0.563648 -0.0185024 0.0593122 -1.34126 -1.26815 -1.09442 0 -1.30586 -0.193649 
-1.28201 -1.13222 -1.0479 -1.04622 -1.2033 -1.27131 0 -1.30586 -1.1619 
-1.44545 -2.34608 -2.40467 -0.943946 -0.887067 -0.117502 0 -1.30586 -2.13014 
