10 9
-1.58988 -2.52094 -2.50541 -0.425974 -0.977388 -1.00451 0 -0.217643 -0.998274 
-0.74191 -0.188628 -0.115272 -0.17948 -0.209633 -0.0286291 9.78164 0.870572 -0.411054 
0.280279 0.449935 0.39605 0.162182 0.170578 1.22277 53.7795 0.870572 0.176166 
0.767624 0.61878 0.599254 -0.271186 -0.0671375 1.28352 56.0859 0.870572 -0.998274 
1.10608 0.732741 0.692852 -0.00536403 0.117704 1.2592 63.0934 0.870572 0.176166 
1.0832 0.71702 0.707576 -0.144833 -0.0865738 0.476879 46.7095 0.870572 0.176166 
0.964508 0.670809 0.69336 -0.5189 -0.366941 -0.505376 45.7028 -0.217643 -0.411054 
0.0361705 0.303035 0.383574 -0.617158 -0.474468 -0.831286 40.9469 -1.30586 -0.411054 
-0.719419 -0.141627 -0.0927069 -0.733701 -0.754937 -1.34546 17.8954 -1.30586 0.176166 
-1.18666 -0.641122 -0.759278 2.73441 2.6488 -0.527107 0 -1.30586 2.52505 
