-0.561657 -0.732851 -0.663417 -0.815621 -0.755505 -0.737807 0 -0.572078 0.478461 
-0.562223 -1.00119 -1.25386 -0.717804 -0.736923 -0.737929 0 -0.572078 1.63031 
-0.561865 -0.806282 -0.798614 -1.12293 -0.821613 -0.737801 0 -0.572078 1.18729 
-0.562281 -1.05481 -1.08321 -0.53516 -0.861127 -0.736613 0 -0.572078 1.01009 
-0.560042 -0.45477 -0.321074 -0.120634 -0.263316 -0.730433 0 0.858116 -0.318974 
-0.558567 -0.331281 -0.173018 -0.288771 -0.496055 -0.656042 0 2.28831 -0.23037 
-0.490034 0.454382 0.519804 0.0662801 0.0563659 0.242181 0 0.858116 -0.939202 
0.668182 1.22165 1.17187 0.0378799 0.421871 1.62418 0 -0.572078 -0.939202 
2.41312 1.46087 1.39055 1.58295 1.72801 1.47232 0 -0.572078 -0.939202 
0.775363 1.24428 1.21097 1.91381 1.72829 0.997946 0 -0.572078 -0.939202 
