-0.487579 -0.839184 -0.730854 -1.34264 -1.2273 -0.866655 0 -0.520788 -0.69708 -0.418438 -0.775387 -0.876105 -1.18984 -1.80476 -2.9111 -1.16672 -1.9439 -2.71945 -0.27666 -0.5764 -0.943228 -0.461257 -0.703708 -1.04653 -0.463413 -0.668242 -0.878557 -0.41221 -0.544901 -0.640177 0.108584 0.97897 1.70962 -0.668398 -1.02324 -1.17138 -0.288383 -1.39191 -0.136197 -1.17178 -0.994885 -1.01999 -0.690067 -0.706708 -1.048 -1.1453 -0.731429 -0.799209 -1.27607 -1.52617 -1.075 -1.24712 -1.04712 -1.40041 -0.878807 -1.15424 -0.300047 -0.332878 -0.162782 -0.168691 -0.548332 0.402459 1.18995 
-0.490017 -1.34102 -1.21055 -1.22306 -1.2662 -0.866615 0 -0.520788 -0.505861 -0.417472 -0.775454 -0.876081 -0.972035 -1.86661 -2.89134 -0.950358 -2.01044 -2.70129 -0.320314 -0.59453 -0.965405 -0.455492 -0.717655 -1.05809 -0.46138 -0.667029 -0.877692 -0.41221 -0.544901 -0.640177 0.325751 1.21522 1.81607 -0.78077 -1.00012 -1.20586 -0.897016 -1.39191 -0.136197 -1.17178 -0.991272 -1.01839 -0.690067 -0.706708 -1.0463 -1.14424 -0.731429 -0.799209 -1.15728 -1.42158 -1.075 -1.24712 -1.08545 -1.40041 -0.878807 -1.15424 -0.300047 -0.332878 -0.162782 -0.168691 -0.284941 0.710266 1.33661 
-0.490564 -1.76476 -1.64385 -1.19024 -1.31752 -0.864734 0 -0.520788 -0.410251 -0.415498 -0.773543 -0.874407 -0.280536 -1.2644 -2.13239 -0.244566 -1.35254 -1.99575 -0.453732 -0.708274 -1.07978 -0.432235 -0.7118 -1.04504 -0.459188 -0.666045 -0.874619 -0.41221 -0.544901 -0.640177 0.651501 1.45146 1.88704 -0.78077 -0.977005 -1.31791 -1.4425 -1.39191 -0.136197 -1.17178 -0.987469 -1.01666 -0.690067 -0.706708 -1.04482 -1.14338 -0.731429 -0.799209 -1.09595 -1.39287 -1.075 -1.24712 -1.13194 -1.40041 -0.878807 -1.15424 -0.300047 -0.332878 -0.162782 -0.168691 0.110145 1.01807 1.43439 
-0.490215 -1.45689 -1.29534 -1.26398 -1.32309 -0.865576 0 -0.520788 -0.410251 -0.41446 -0.772532 -0.873426 0.253009 -0.712356 -1.43067 0.284963 -0.742089 -1.37962 -0.512491 -0.761858 -1.00713 -0.425341 -0.683429 -0.898508 -0.458393 -0.665968 -0.8712 -0.41221 -0.544901 -0.640177 1.08584 1.68771 1.92252 -0.546662 -0.911501 -1.26619 -1.52855 -1.39191 -0.136197 -1.17178 -0.984861 -1.01603 -0.690067 -0.706708 -1.04402 -1.14331 -0.731429 -0.799209 -1.10191 -1.39287 -1.075 -1.24712 -1.15793 -1.40041 -0.878807 -1.15424 -0.300047 -0.332878 -0.162782 -0.168691 0.636927 1.32588 1.48328 
-0.488556 -0.978537 -0.834841 -1.31344 -1.36486 -0.866127 0 -0.520788 -0.60147 -0.414467 -0.772246 -0.868273 0.242208 -0.641049 -1.13781 0.245478 -0.691058 -1.22359 -0.511123 -0.755863 -0.786971 -0.403169 -0.657297 -0.672408 -0.455346 -0.664876 -0.865777 -0.41221 -0.544901 -0.640177 1.62875 1.92395 1.92252 -0.443655 -0.896088 -1.30067 -1.34812 -1.39191 -0.136197 -1.17178 -0.981131 -1.01362 -0.690067 -0.706708 -1.04293 -1.14235 -0.731429 -0.799209 -1.12514 -1.39287 -1.075 -1.24712 -1.18998 -1.40041 -0.878807 -1.15424 -0.300047 -0.332878 -0.162782 -0.168691 1.2954 1.63369 1.48328 
-0.485503 -0.664034 -0.56115 -1.37378 -1.27482 -0.865725 0 0.0520788 -0.69708 -0.415961 -0.773176 -0.852547 -0.209975 -0.914677 -1.12346 -0.211983 -0.986328 -1.31448 -0.47493 -0.734357 -0.511958 -0.402879 -0.644395 -0.421403 -0.452179 -0.66335 -0.859095 -0.41221 -0.544901 -0.640177 2.06309 2.0657 1.88704 -0.471748 -0.930767 -1.10242 -1.10069 -1.19557 -0.136197 -1.17178 -0.976767 -1.01112 -0.690067 -0.706708 -1.04149 -1.14101 -0.731429 -0.799209 -1.16061 -1.39287 -1.075 -1.24712 -1.18178 -1.40041 -0.878807 -1.15424 -0.300047 -0.332878 -0.162782 -0.168691 1.82219 1.81837 1.43439 
-0.48616 -0.714751 -0.601427 -1.37951 -1.24535 -0.862078 0 0.624946 -0.888298 -0.417557 -0.774717 -0.835021 -0.587636 -1.2486 -1.16607 -0.58599 -1.34418 -1.4367 -0.459372 -0.718632 -0.223847 -0.424904 -0.668591 -0.204014 -0.451291 -0.662669 -0.852631 -0.41221 -0.544901 -0.640177 2.28026 2.0342 1.72736 -0.640305 -0.965446 -0.839515 -0.94153 -1.19557 -0.842659 -1.17178 -0.973199 -1.01042 -0.690067 -0.706708 -1.04019 -1.14041 -0.731429 -0.799209 -1.18757 -1.39287 -0.952546 -1.14807 -1.16762 -1.40041 -0.91912 -1.15424 -0.300047 -0.332878 -0.162782 -0.168691 2.08558 1.77733 1.21439 
-0.488783 -1.03106 -0.856034 -1.36943 -1.33064 -0.859741 0 1.19781 -0.888298 -0.418901 -0.775455 -0.818647 -0.969912 -1.44696 -1.06032 -0.971346 -1.5752 -1.42059 -0.429672 -0.708456 0.0458358 -0.46847 -0.696496 0.0182659 -0.452765 -0.659069 -0.846576 -0.41221 -0.544901 -0.640177 2.28026 1.8632 1.48152 -0.893142 -0.988565 -0.533512 -0.918062 -1.19557 -1.47582 -1.17178 -0.971178 -1.01042 -0.690067 -0.706708 -1.03795 -1.13725 -0.731429 -0.799209 -1.20529 -1.39287 -0.88932 -1.12089 -1.17802 -1.40041 -0.968009 -1.15424 -0.300047 -0.332878 -0.162782 -0.168691 2.08558 1.55454 0.875667 
-0.489018 -1.04719 -0.926441 -1.32021 -1.41609 -0.860633 0 1.77068 -0.888298 -0.419469 -0.775213 -0.806158 -1.26658 -1.4379 -0.820229 -1.28588 -1.65759 -1.27084 -0.386567 -0.525397 0.292365 -0.444546 -0.521048 0.270466 -0.454166 -0.653623 -0.840095 -0.41221 -0.544901 -0.640177 2.06309 1.56958 1.16851 -0.640305 -0.84118 -0.260911 -0.904159 -1.19557 -1.57571 -1.17178 -0.97016 -1.01042 -0.690067 -0.706708 -1.03452 -1.13247 -0.731429 -0.799209 -1.2082 -1.39287 -0.895465 -1.12089 -1.20481 -1.40041 -0.99534 -1.15424 -0.300047 -0.332878 -0.162782 -0.168691 1.82219 1.17198 0.444402 
-0.48962 -1.18697 -1.07132 -1.32354 -1.35059 -0.858797 0 2.34355 -0.792689 -0.419554 -0.766492 -0.794261 -1.34589 -1.16493 -0.548039 -1.34726 -1.4839 -1.05241 -0.364266 -0.226996 0.529464 -0.404159 -0.218196 0.535524 -0.456184 -0.646013 -0.831436 -0.41221 -0.544901 -0.640177 1.62875 1.16272 0.798893 -0.387469 -0.63407 -0.00770483 -0.926941 -1.19557 -1.36627 -1.17178 -0.970062 -1.01042 -0.690067 -0.706708 -1.02964 -1.12579 -0.731429 -0.799209 -1.21119 -1.39287 -0.919414 -1.12089 -1.21334 -1.40041 -1.02905 -1.15424 -0.300047 -0.332878 -0.162782 -0.168691 1.2954 0.641865 -0.0648522 
-0.490424 -1.59229 -1.46376 -1.30254 -1.3551 -0.858889 0 2.34355 -0.69708 -0.419054 -0.737826 -0.782695 -1.12959 -0.6827 -0.165217 -1.10103 -1.08502 -0.712388 -0.370318 0.117386 0.753722 -0.403687 0.113301 0.778341 -0.45854 -0.636694 -0.810769 -0.41221 -0.544901 -0.640177 0.977252 0.742724 0.414495 -0.303191 -0.387465 0.21641 -1.03496 -1.19557 -1.07907 -0.970892 -0.970744 -1.01042 -0.690067 -0.706708 -1.02327 -1.11761 -0.731429 -0.799209 -1.20985 -1.39287 -0.955977 -1.12089 -1.22113 -1.40041 -1.02043 -1.15424 -0.300047 -0.332878 -0.162782 -0.168691 0.505231 0.0946519 -0.594476 
-0.490454 -1.62551 -1.48469 -1.35489 -1.37254 -0.859166 0 2.34355 -0.314642 -0.417642 -0.704862 -0.776758 -0.669413 -0.0400844 0.27527 -0.645875 -0.510697 -0.323496 -0.41497 0.465807 0.960164 -0.38582 0.45572 0.993531 -0.460876 -0.627293 -0.784515 -0.41221 -0.544901 -0.640177 0.325751 0.270233 0.0677294 -0.471748 -0.156272 0.417016 -1.13169 -1.19557 -0.894327 -0.970892 -0.972004 -1.01042 -0.685935 -0.704869 -1.01577 -1.10936 -0.729498 -0.798057 -1.2174 -1.39287 -0.983769 -1.12089 -1.23048 -1.40041 -1.00554 -1.15424 -0.300047 -0.332878 -0.162782 -0.168691 -0.284941 -0.520963 -0.850029 
-0.490291 -1.50396 -1.33183 -1.41944 -1.46739 -0.858493 0 2.34355 -0.410251 -0.416472 -0.675333 -0.77378 -0.277315 0.467041 0.637905 -0.275583 -0.0748412 -0.0581679 -0.425101 0.83176 1.17317 -0.351815 0.809285 1.20652 -0.450384 -0.61702 -0.759865 -0.41221 -0.544901 -0.640177 -0.325751 -0.202258 -0.250811 -0.58412 0.0864794 0.574131 -1.19086 -1.19557 -0.867088 -0.970892 -0.970201 -1.0097 -0.681586 -0.702885 -1.0072 -1.10034 -0.72781 -0.797123 -1.23365 -1.39287 -1.00203 -1.12089 -1.25277 -1.40041 -1.01647 -1.15424 -0.300047 -0.332878 -0.162782 -0.168691 -0.284941 -0.520963 -0.411145 
-0.489503 -1.16651 -1.02415 -1.34493 -1.34267 -0.858765 0 2.34355 -0.314642 -0.415706 -0.653769 -0.771628 -0.0232001 0.759527 0.88169 -0.13626 0.140345 0.0761098 -0.0577019 1.18555 1.37463 0.0208799 1.15788 1.40871 -0.433651 -0.605543 -0.727075 -0.41221 -0.544901 -0.640177 -0.977252 -0.674748 -0.547639 -0.640305 0.317672 0.79924 -1.18311 -1.19557 -0.850949 -0.970892 -0.964407 -0.996487 -0.678605 -0.702166 -0.997567 -1.09027 -0.726905 -0.79705 -1.237 -1.39287 -1.00504 -1.12089 -1.25432 -1.40041 -1.04465 -1.15424 -0.300047 -0.332878 -0.162782 -0.168691 0.505231 0.0946519 -0.00217484 
-0.488763 -1.0053 -0.87523 -1.29985 -1.29749 -0.858357 0 2.34355 -0.410251 -0.401708 -0.633538 -0.769791 0.411714 1.00628 1.01798 0.0988767 0.34901 0.0987613 0.543951 1.51475 1.56676 0.586606 1.49348 1.57672 -0.411745 -0.590825 -0.690359 -0.41221 -0.544901 -0.640177 -1.62875 -1.14724 -0.827408 -0.499841 0.548864 0.992807 -1.15032 -1.19557 -0.877393 -0.970892 -0.954194 -0.979183 -0.674339 -0.699411 -0.986466 -1.07735 -0.725667 -0.796013 -1.23394 -1.39287 -1.00812 -1.12089 -1.24973 -1.40041 -1.05362 -1.15424 -0.300047 -0.332878 -0.162782 -0.168691 1.2954 0.710266 0.383291 
-0.489492 -1.17879 -1.00703 -1.33432 -1.33912 -0.856817 0 1.77068 -0.60147 -0.355577 -0.61386 -0.768538 0.943486 1.35667 1.13535 0.411978 0.684222 0.0836055 1.24076 1.82094 1.75083 1.2542 1.81 1.73127 -0.384808 -0.555767 -0.649288 -0.41221 -0.544901 -0.640177 -2.06309 -1.57248 -1.05805 -0.0784473 0.791616 1.21631 -1.14793 -1.19557 -1.00277 -0.970892 -0.939273 -0.957907 -0.66935 -0.696546 -0.970612 -1.04658 -0.724032 -0.794564 -1.23554 -1.39287 -1.00674 -1.12089 -1.25084 -1.40041 -1.0618 -1.15424 -0.300047 -0.332878 -0.162782 -0.168691 1.82219 1.26432 0.701066 
-0.489741 -1.23061 -1.10586 -1.44368 -1.3882 -0.857543 0 1.19781 -0.888298 -0.302813 -0.603447 -0.767563 1.42841 1.77266 1.33287 0.695318 1.0825 0.191989 1.99255 2.11154 1.9234 1.94046 2.11045 1.89437 -0.357121 -0.511528 -0.602554 -0.41221 -0.544901 -0.640177 -2.28026 -1.85598 -1.30643 0.623875 1.11529 1.42318 -1.15322 -1.19557 -1.11505 -0.970892 -0.920317 -0.936037 -0.66527 -0.695742 -0.94933 -1.00775 -0.722555 -0.793918 -1.24973 -1.39287 -1.01452 -1.12089 -1.25751 -1.40041 -1.07164 -1.15424 -0.300047 -0.332878 -0.162782 -0.168691 2.08558 1.63369 1.04328 
-0.489916 -1.2873 -1.17258 -1.43113 -1.47157 -0.832169 0 0.624946 -0.219032 -0.254921 -0.598116 -0.766034 1.92803 2.14823 1.5028 1.04465 1.39604 0.327524 2.72632 2.40554 2.10972 2.66171 2.41509 2.06146 -0.338045 -0.473578 -0.553215 -0.41221 -0.544901 -0.640177 -2.28026 -1.99772 -1.48384 1.38238 1.35804 1.54386 -1.16556 -1.19557 -1.18373 -0.970892 -0.899701 -0.920969 -0.662959 -0.695742 -0.924504 -0.974438 -0.720014 -0.7905 -1.26096 -1.39287 -1.03127 -1.12089 -1.27256 -1.40041 -1.09508 -1.15424 -0.300047 -0.332878 -0.162782 -0.168691 2.08558 1.81837 1.28773 
-0.487954 -0.908754 -1.1077 -0.0782658 -0.131136 -0.820179 0 0.0520788 -0.0278137 -0.220081 -0.594694 -0.760444 2.32163 2.36454 1.615 1.44349 1.60406 0.484873 3.03002 2.49856 2.17082 3.02124 2.53217 2.12644 -0.332762 -0.427459 -0.502701 -0.41221 -0.544901 -0.640177 -2.06309 -1.99772 -1.59029 1.80378 1.57767 1.53524 -1.12828 -1.19557 -1.17473 -0.970892 -0.880266 -0.916797 -0.661795 -0.695742 -0.895489 -0.933958 -0.716112 -0.785331 -1.12955 -0.420255 -1.03473 -1.12089 -1.147 -0.45733 -1.09671 -1.15424 -0.300047 -0.332878 -0.162782 -0.168691 1.82219 1.81837 1.43439 
-0.43339 0.125911 -0.310944 0.831618 0.822532 -0.807605 0 -0.520788 0.641452 -0.201095 -0.60024 -0.738487 2.33429 2.2645 1.62075 1.67441 1.55677 0.649573 2.72719 2.29399 2.01492 2.8022 2.3165 1.99789 -0.329255 -0.378871 -0.418223 -0.41221 -0.544901 -0.640177 -1.62875 -1.85598 -1.62577 2.00043 1.64703 1.40594 -0.969234 -0.310025 -1.13668 -0.970892 -0.862151 -0.914027 -0.661683 -0.695742 -0.862568 -0.89131 -0.710569 -0.778107 -0.920887 0.375599 -1.03157 -1.12089 -0.940026 0.363152 -1.09188 -1.15424 -0.300047 -0.332878 -0.162782 -0.168691 1.2954 1.63369 1.48328 
-0.304548 0.531915 0.0705627 1.18657 1.12911 -0.796268 0 -0.520788 1.21511 -0.229199 -0.634995 -0.695719 1.89713 1.79384 1.50865 1.56743 1.13769 0.740555 2.05407 1.90592 1.74403 2.21962 1.92618 1.74847 -0.279201 -0.326205 -0.310463 -0.41221 -0.544901 -0.640177 -1.08584 -1.61973 -1.62577 1.80378 1.57767 1.13011 -0.778444 0.145112 -1.13391 -0.970892 -0.837288 -0.87449 -0.662463 -0.695742 -0.825753 -0.845083 -0.703337 -0.769261 -0.698517 0.68607 -1.03322 -1.12089 -0.723992 0.626917 -1.09305 -1.15424 -0.300047 -0.332878 -0.162782 -0.168691 0.636927 1.32588 1.48328 
-0.27826 0.577231 0.148584 1.21876 1.11041 -0.793686 0 -0.520788 1.59755 -0.312519 -0.694508 -0.681098 1.15988 1.10514 1.35596 1.16357 0.54548 0.784119 1.20837 1.43469 1.42122 1.46212 1.48365 1.45576 -0.209253 -0.265292 -0.185515 -0.41221 -0.544901 -0.640177 -0.651501 -1.38348 -1.59029 1.35429 1.33492 0.768076 -0.600001 0.195913 -1.14004 -0.970892 -0.803383 -0.81924 -0.663903 -0.695742 -0.784526 -0.791617 -0.694816 -0.760337 -0.493455 0.714221 -1.04785 -1.12089 -0.529273 0.626917 -1.10006 -1.15424 -0.300047 -0.332878 -0.162782 -0.168691 0.110145 1.01807 1.43439 
-0.29809 0.544183 0.189738 1.10976 1.12202 -0.787976 0 -0.520788 1.78877 -0.40577 -0.753747 -0.699583 0.315585 0.458527 1.12447 0.513765 0.0335216 0.7358 0.335082 0.955873 1.0798 0.657086 1.03302 1.15334 -0.151235 -0.197313 -0.0405876 -0.41221 -0.544901 -0.640177 -0.325751 -1.14724 -1.51933 0.623875 0.97657 0.345707 -0.44056 0.195913 -1.15437 -0.970892 -0.763459 -0.773413 -0.661842 -0.694922 -0.738601 -0.731949 -0.685092 -0.750585 -0.315641 0.714221 -1.05943 -1.12089 -0.350492 0.626917 -1.1159 -1.15424 -0.300047 -0.332878 -0.162782 -0.168691 -0.284941 0.710266 1.33661 
-0.348553 0.439636 0.174432 0.998425 1.16534 -0.782066 0 -0.520788 1.59755 -0.483463 -0.794789 -0.721396 -0.533422 -0.0397689 0.811823 -0.233548 -0.312346 0.589376 -0.50283 0.510446 0.740223 -0.210411 0.59306 0.832178 -0.048884 -0.123327 0.123705 -0.41221 -0.544901 -0.640177 -0.108584 -0.910994 -1.41288 0.28676 0.525745 -0.0766632 -0.304973 0.195913 -1.11109 -0.970892 -0.711701 -0.692569 -0.655217 -0.679787 -0.687864 -0.667008 -0.674147 -0.73969 -0.161861 0.714221 -0.923954 -0.199793 -0.183052 0.658085 -0.98385 -0.248154 -0.300047 -0.332878 -0.162782 -0.168691 -0.548332 0.402459 1.18995 
-0.356077 0.420087 0.255646 1.01304 1.24165 -0.761192 0 -0.520788 1.59755 -0.546572 -0.789837 -0.74034 -1.21655 -0.326761 0.50031 -1.02379 -0.464695 0.396745 -0.922416 0.113012 0.403326 -0.783989 0.187621 0.482561 0.0650365 0.0084656 0.302367 -0.41221 -0.544901 -0.640177 -8.56193e-18 -0.674748 -1.27095 -0.0503544 0.0518006 -0.490413 -0.182129 0.195913 -0.926484 -0.0648655 -0.647885 -0.602586 -0.643539 -0.659971 -0.626413 -0.551328 -0.661539 -0.725719 -0.0192216 0.714221 -0.708844 0.553902 -0.0229914 0.723738 -0.766183 0.540147 -0.300047 -0.332878 -0.162782 -0.168691 -0.680027 0.0946519 0.994396 
-0.361325 0.40614 0.333642 0.905718 1.14155 -0.633819 0 -0.520788 1.59755 -0.594445 -0.718879 -0.75193 -1.57145 -0.505386 0.222421 -1.66168 -0.548519 0.196426 -1.0807 -0.24203 0.0623525 -1.12522 -0.205245 0.131294 0.13927 0.159972 0.483343 -0.41221 -0.544901 -0.640177 -8.56193e-18 -0.438503 -1.09353 -0.190819 -0.456823 -0.921403 -0.0700362 0.195913 -0.705027 0.400801 -0.578829 -0.54395 -0.626477 -0.635606 -0.553358 -0.418344 -0.643533 -0.69244 0.104245 0.714221 -0.479601 0.847926 0.117169 0.723738 -0.538989 0.793566 -0.300047 -0.332878 -0.162782 -0.168691 -0.680027 -0.213155 0.749954 
-0.425798 0.168075 0.0891653 0.708882 0.83831 -0.577049 0 -0.520788 1.88437 -0.593955 -0.662824 -0.730138 -1.74837 -0.686501 -0.0140804 -2.05566 -0.645192 0.0329625 -1.12165 -0.569472 -0.190173 -1.2994 -0.584629 -0.128349 0.16503 0.313325 0.658855 -0.41221 -0.544901 -0.640177 -8.56193e-18 -0.249507 -0.916116 -0.415562 -1.01168 -1.26619 0.0123666 0.195913 -0.497903 0.452777 -0.511496 -0.523603 -0.604803 -0.610561 -0.469797 -0.28374 -0.619363 -0.650446 0.204081 0.714221 -0.268202 0.874586 0.224815 0.723738 -0.334211 0.793566 -0.300047 -0.332878 -0.162782 -0.168691 -0.680027 -0.459401 0.505512 
-0.458725 -0.0756331 -0.38526 0.642511 0.708276 -0.594651 0 -0.520788 1.78877 -0.560397 -0.648178 -0.582959 -1.65881 -0.856191 -0.0873843 -1.99938 -0.681281 0.0718219 -1.10237 -0.910994 -0.358307 -1.37322 -0.931841 -0.312017 0.197676 0.495102 0.816652 -0.41221 -0.544901 -0.640177 -8.56193e-18 -0.107759 -0.738701 -0.808863 -0.479942 -0.835205 0.0677712 0.195913 -0.312835 0.452777 -0.444827 -0.497817 -0.581229 -0.593305 -0.374012 -0.124186 -0.591168 -0.614421 0.292077 0.714221 -0.0848919 0.874586 0.315619 0.723738 -0.146194 0.793566 -0.300047 -0.332878 -0.162782 -0.168691 -0.680027 -0.644086 0.26107 
-0.466758 -0.170075 -0.56721 0.536432 0.620631 -0.509476 0 -0.520788 2.45803 -0.509449 -0.643422 -0.323296 -1.31602 -1.02443 -0.0446799 -1.4974 -0.643506 0.28093 -1.04112 -1.25624 -0.497153 -1.31976 -1.26898 -0.480542 0.224032 0.704629 0.962174 -0.41221 -0.544901 -0.640177 -8.56193e-18 -0.0132611 -0.561286 -0.331284 0.109599 -0.361116 0.111455 0.195913 -0.155454 0.452777 -0.379526 -0.476999 -0.559006 -0.588527 -0.264584 0.0597243 -0.558215 -0.570642 0.366737 0.714221 0.073641 0.874586 0.394205 0.723738 0.0298964 0.823512 -0.300047 -0.332878 -0.162782 -0.168691 -0.680027 -0.767209 0.0166284 
-0.46851 -0.195769 -0.687058 0.586029 0.463123 -0.468865 0 -0.520788 2.07559 -0.408235 -0.640743 -0.164324 -0.790299 -1.10636 0.0496477 -0.696351 -0.548326 0.565903 -0.945578 -1.42408 -0.633792 -1.11521 -1.41063 -0.634793 0.367823 0.924699 1.09807 -0.41221 -0.544901 -0.640177 -8.56193e-18 0.033988 -0.383872 0.651968 0.722258 0.121592 0.15015 0.195913 -0.0128654 0.452777 -0.30154 -0.363422 -0.538293 -0.585355 -0.141894 0.252889 -0.520825 -0.524519 0.439704 0.714221 0.220689 0.874586 0.457205 0.723738 0.198226 0.886589 -0.300047 -0.332878 -0.162782 -0.168691 -0.680027 -0.82877 -0.227813 
-0.475045 -0.320125 -0.895645 0.519892 0.326223 -0.421753 0 -0.520788 2.07559 -0.202308 -0.617548 -0.0813912 -0.113554 -0.866761 0.159546 0.354138 -0.116991 0.895312 -0.793773 -1.48237 -0.78738 -0.800753 -1.40259 -0.781867 0.602144 1.16033 1.22342 -0.41221 -0.544901 -0.640177 -8.56193e-18 0.033988 -0.206457 1.57903 1.24244 0.578441 0.176618 0.195913 0.117245 0.452777 -0.201714 -0.178338 -0.509863 -0.540078 -0.0058183 0.459716 -0.479014 -0.474525 0.503724 0.714221 0.347971 0.874586 0.507438 0.723738 0.345627 0.886589 -0.300047 -0.332878 -0.162782 -0.168691 -0.680027 -0.82877 -0.472255 
-0.480622 -0.46641 -0.756962 0.281273 0.220614 -0.357116 0 -0.520788 1.50194 -0.0363158 -0.525444 0.00137808 0.621172 -0.396445 0.286183 1.42604 0.530349 1.21742 -0.606129 -1.37366 -0.936358 -0.5185 -1.24806 -0.910883 0.930375 1.40028 1.35882 -0.41221 -0.544901 -0.640177 -8.56193e-18 0.033988 -0.0645252 2.30945 1.62391 0.983571 0.190343 0.195913 0.212892 0.452777 -0.0716644 0.080923 -0.471095 -0.476807 0.142767 0.670326 -0.432192 -0.416703 0.548929 0.714221 0.450893 0.874586 0.548027 0.723738 0.458833 0.886589 -0.300047 -0.332878 -0.162782 -0.168691 -0.680027 -0.82877 -0.667809 
-0.47235 -0.227293 -0.286228 0.20171 0.16911 -0.305164 0 -0.520788 0.737062 0.0208049 -0.227288 0.0587817 1.10957 0.164295 0.365019 2.06305 1.16251 1.3975 -0.456124 -1.13031 -1.08197 -0.315035 -1.0248 -1.04191 1.32787 1.59779 1.49808 -0.41221 -0.544901 -0.640177 -8.56193e-18 0.033988 0.0419236 2.53419 1.7973 1.29388 0.220812 0.195913 0.277202 0.452777 0.0933237 0.394897 -0.425444 -0.424326 0.299119 0.843688 -0.380034 -0.352173 0.586604 0.714221 0.541608 0.874586 0.583081 0.723738 0.554328 0.886589 -0.300047 -0.332878 -0.162782 -0.168691 -0.680027 -0.82877 -0.814474 
-0.424088 0.195763 0.271037 0.288694 0.400305 -0.257339 0 -0.520788 0.0677958 0.0291184 0.24785 0.0826637 1.18733 0.614891 0.275359 2.06507 1.59705 1.34902 -0.385891 -0.877745 -1.24536 -0.213085 -0.818749 -1.22207 1.76803 1.76988 1.65158 -0.41221 -0.544901 -0.61725 -8.56193e-18 0.033988 0.11289 2.36564 1.75106 1.44904 0.279671 0.195913 0.327908 0.452777 0.294627 0.742561 -0.366262 -0.331745 0.460459 0.994742 -0.322411 -0.281941 0.627145 0.714221 0.618575 0.874586 0.629473 0.723738 0.636974 0.886589 -0.300047 -0.332878 -0.162782 -0.168691 -0.680027 -0.82877 -0.912251 
-0.182824 0.706157 0.826561 0.466447 0.658396 0.124597 0 -0.520788 -0.410251 -0.043476 0.494702 0.0816006 0.872276 0.803058 0.0880765 1.56096 1.71603 1.12149 -0.452409 -0.691893 -1.3055 -0.296901 -0.699944 -1.31052 2.13376 1.87701 1.77379 -0.41221 -0.544901 -0.540618 -8.56193e-18 0.033988 0.148372 1.69141 1.57767 1.49214 0.370538 0.340441 0.372822 0.452777 0.521574 1.03145 -0.293293 -0.228698 0.621158 1.08878 -0.252619 -0.156836 0.67546 0.714221 0.693798 0.874586 0.687746 0.723738 0.703229 0.886589 -0.300047 -0.332878 -0.162782 -0.168691 -0.680027 -0.82877 -0.961139 
0.234265 1.0099 1.11917 0.636915 0.685292 0.393463 0 -0.520788 -0.60147 -0.263701 0.506283 0.0412208 0.36745 0.761225 -0.0329566 0.805305 1.59521 0.90298 -0.638507 -0.58358 -1.30805 -0.532526 -0.64312 -1.30906 2.30255 1.87772 1.79163 -0.41221 -0.544901 -0.409594 -8.56193e-18 0.033988 0.148372 1.01718 1.32336 1.40594 0.476822 0.680942 0.403544 0.452777 0.75258 1.16477 -0.214331 -0.161549 0.772984 1.08939 -0.169648 -0.0130162 0.730498 0.714221 0.759797 0.874586 0.744254 0.723738 0.756056 0.886589 -0.300047 -0.332878 -0.162782 -0.168691 -0.680027 -0.82877 -0.961139 
0.068046 0.919923 1.03154 0.567921 0.42638 0.587402 0 -0.520788 -0.505861 -0.471101 0.476576 0.0597475 -0.121211 0.669101 -0.0664341 0.0585059 1.44838 0.770803 -0.716597 -0.534845 -1.22936 -0.584923 -0.570354 -1.21535 2.34191 1.85891 1.7443 -0.41221 -0.544901 -0.222748 -8.56193e-18 0.033988 0.148372 0.314853 1.03437 1.26802 0.571463 0.680942 0.419476 0.452777 0.974881 1.19586 -0.137339 -0.138248 0.915179 1.08939 -0.0747467 0.132556 0.778857 0.714221 0.806399 0.874586 0.783917 0.723738 0.798742 0.886589 -0.300047 -0.332878 -0.162782 -0.168691 -0.680027 -0.82877 -0.961139 
-0.299236 0.542526 0.661082 0.311686 0.287478 0.801791 0 -0.520788 -0.410251 -0.215265 0.475246 0.381687 -0.337028 0.600202 0.062854 -0.309786 1.32646 0.798047 -0.595102 -0.492565 -1.06644 -0.449943 -0.502138 -1.04806 2.16159 1.80858 1.65872 -0.41221 -0.544901 0.0202848 -8.56193e-18 0.033988 0.148372 -0.162726 0.733818 1.09563 0.637033 0.680942 0.454842 0.452777 1.16861 1.19586 -0.0611081 -0.108718 1.04618 1.08939 0.034039 0.30511 0.811274 0.714221 0.845238 0.874586 0.81429 0.723738 0.835607 0.886589 -0.300047 -0.332878 -0.162782 -0.168691 -0.680027 -0.82877 -0.961139 
-0.404539 0.267718 0.375745 0.0995929 0.22996 1.01435 0 -0.520788 -0.410251 0.46954 0.491894 0.78865 -0.177269 0.571689 0.310745 -0.216628 1.19436 0.950868 -0.313939 -0.420034 -0.859119 -0.264702 -0.458687 -0.865595 1.78547 1.72228 1.49793 -0.41221 -0.50918 0.261208 -8.56193e-18 0.033988 0.148372 -0.443655 0.502626 0.905993 0.682148 0.680942 0.523161 0.452777 1.31813 1.19586 0.0135599 -0.084878 1.16426 1.08939 0.158318 0.504005 0.831223 0.714221 0.887032 0.874586 0.840198 0.723738 0.884396 0.886589 -0.300047 -0.332878 -0.162782 -0.168691 -0.680027 -0.82877 -0.961139 
-0.429839 0.166089 0.245571 -0.0196792 0.134854 1.19287 0 -0.520788 -0.505861 0.911168 0.528168 1.01236 0.20173 0.606519 0.568736 0.160982 1.12265 1.13702 0.0535304 -0.32492 -0.649333 -0.0339799 -0.391465 -0.703681 1.26674 1.6007 1.30503 -0.41221 -0.389786 0.448427 -8.56193e-18 0.033988 0.148372 -0.58412 0.190516 0.716358 0.718845 0.680942 0.628633 0.600648 1.41406 1.19586 0.102733 0.0451888 1.26791 1.08939 0.29766 0.712909 0.844252 0.714221 0.93684 0.874586 0.860125 0.723738 0.945679 0.886589 -0.300047 -0.332878 -0.162782 -0.168691 -0.680027 -0.82877 -0.961139 
-0.358849 0.460273 0.505323 -0.149598 0.028157 1.36358 0 -0.520788 -0.792689 1.18405 0.581569 1.1562 0.613277 0.626443 0.742689 0.611356 1.01549 1.27279 0.475891 -0.187154 -0.450301 0.250924 -0.281725 -0.531342 0.752165 1.35435 1.12285 -0.41221 -0.185647 0.526184 -8.56193e-18 0.033988 0.148372 -0.696491 -0.133153 0.508867 0.771156 0.680942 0.752001 0.949026 1.46071 1.19586 0.216877 0.257144 1.34968 1.08939 0.452205 0.936588 0.850348 0.714221 0.99358 0.874586 0.873952 0.723738 1.00511 0.886589 -0.300047 -0.332878 -0.162782 -0.168691 -0.680027 -0.82877 -0.961139 
-0.0502668 0.844873 0.943839 0.405088 0.595896 1.49045 0 -0.520788 -0.792689 1.46302 0.696604 1.28295 0.893136 0.536341 0.801861 0.924677 0.76623 1.30994 0.764672 -0.0406322 -0.298688 0.412953 -0.193427 -0.410102 0.321377 1.02931 0.923207 -0.41221 0.105463 0.615904 -8.56193e-18 0.033988 0.148372 -0.893142 -0.479942 0.27277 0.843187 0.680942 0.861854 0.949026 1.46866 1.19586 0.365582 0.554046 1.40586 1.08939 0.620956 1.16436 0.882394 0.714221 1.04343 0.874586 0.913759 0.723738 1.04682 0.886589 -0.300047 -0.332878 -0.162782 -0.168691 -0.680027 -0.82877 -0.961139 
1.27034 1.30831 1.41271 1.03374 0.981551 1.34394 0 -0.520788 -0.792689 1.22092 1.0012 1.2519 0.804172 0.316355 0.657425 0.84518 0.423425 1.13819 0.655082 -0.0235875 -0.294029 0.20414 -0.191927 -0.414504 0.0570914 0.718669 0.732771 -0.41221 0.484112 0.720577 -8.56193e-18 0.033988 0.148372 -0.724584 -0.780492 0.0073798 0.938011 1.01546 0.937963 0.949026 1.4544 1.19586 0.554236 0.913604 1.43918 1.08939 0.798529 1.35185 0.941995 0.714221 1.07685 0.874586 0.96939 0.723738 1.07876 0.886589 -0.300047 -0.332878 -0.162782 -0.168691 -0.680027 -0.82877 -0.961139 
2.50127 1.4969 1.58533 1.21719 1.01846 1.28198 0 -0.520788 -0.60147 0.166586 0.993938 0.953122 0.27973 0.0160848 0.336187 0.326901 0.0457927 0.757777 0.196607 -0.117836 -0.389091 -0.23042 -0.258891 -0.47754 0.0825698 0.39048 0.563849 -0.327315 0.859477 0.844282 -8.56193e-18 0.033988 0.148372 -0.640305 -0.977005 -0.230252 1.03892 1.22688 0.99033 0.949026 1.44285 1.19586 0.784414 1.31174 1.45009 1.08939 0.981767 1.51521 1.00717 0.714221 1.09742 0.874586 1.02415 0.723738 1.10601 0.886589 -0.300047 -0.332878 -0.162782 -0.168691 -0.680027 -0.82877 -0.961139 
1.35201 1.3278 1.41339 1.10814 0.799181 1.30702 0 -0.520788 -0.505861 -0.933235 0.651588 0.668049 -0.343809 -0.243288 -0.00502648 -0.287537 -0.247229 0.346875 -0.358853 -0.237243 -0.507961 -0.59833 -0.325752 -0.528629 0.259876 0.0839174 0.408514 -0.0435574 1.15117 0.992728 -8.56193e-18 0.033988 0.148372 -0.668398 -1.02324 -0.499033 1.12623 1.22688 1.03293 0.949026 1.44582 1.19586 1.04391 1.64257 1.44141 1.08939 1.16428 1.6169 1.06464 0.714221 1.11085 0.874586 1.06686 0.723738 1.12696 0.886589 -0.300047 -0.332878 -0.162782 -0.168691 -0.680027 -0.82877 -0.961139 
0.483069 1.10355 1.19231 0.877919 0.535296 1.28357 0 -0.520788 -0.505861 -1.49375 0.532365 0.607484 -0.813832 -0.366749 -0.263233 -0.771898 -0.373002 0.000525548 -0.849756 -0.346533 -0.583519 -0.781606 -0.320843 -0.535145 0.311504 -0.0830963 0.261791 0.441605 1.33962 1.17416 -8.56193e-18 0.033988 0.148372 -0.724584 -1.01939 -0.723148 1.19792 1.22688 1.09364 0.949026 1.45264 1.19586 1.30806 1.79525 1.42294 1.08939 1.33671 1.61757 1.10966 0.714221 1.11713 0.874586 1.09642 0.723738 1.1415 0.886589 -0.300047 -0.332878 -0.162782 -0.168691 -0.680027 -0.82877 -0.961139 
0.46984 1.09994 1.21211 0.653501 0.524927 1.49926 0 -0.520788 -0.314642 -1.6179 0.641824 0.650477 -0.998987 -0.371518 -0.498744 -0.978348 -0.375935 -0.345631 -1.0953 -0.367401 -0.60605 -0.798469 -0.270253 -0.521446 0.249255 -0.240014 0.088876 1.13347 1.57518 1.40095 -8.56193e-18 0.033988 0.148372 -0.893142 -1.02324 -0.912783 1.26637 1.22688 1.17725 0.949026 1.45447 1.19586 1.56224 1.83085 1.39591 1.08939 1.4982 1.61757 1.14328 0.714221 1.15017 0.874586 1.12428 0.723738 1.18337 0.886589 -0.300047 -0.332878 -0.162782 -0.168691 -0.680027 -0.82877 -0.961139 
0.185931 0.977456 1.10119 0.478163 0.395654 1.65723 0 -0.520788 -0.314642 -0.870676 0.832174 0.784434 -0.868501 -0.352569 -0.707321 -0.860528 -0.362247 -0.625425 -0.94046 -0.32894 -0.588393 -0.510001 -0.219206 -0.48094 0.0782567 -0.440642 -0.133664 2.03338 1.87805 1.69254 -8.56193e-18 0.033988 0.148372 -0.668398 -0.950583 -1.02115 1.32578 1.22688 1.28732 1.29129 1.44356 1.19586 1.78377 1.83085 1.35828 1.08939 1.64698 1.61757 1.16824 0.714221 1.21161 0.874586 1.14568 0.723738 1.24187 0.886589 -0.300047 -0.332878 -0.162782 -0.168691 -0.680027 -0.82877 -0.961139 
-0.136448 0.754728 0.877808 0.29618 0.140454 1.88097 10.8837 -0.520788 -0.69708 0.48691 1.17609 1.08816 -0.441607 -0.288974 -0.727645 -0.447741 -0.302019 -0.686989 -0.487503 -0.243149 -0.497014 -0.0218967 -0.0923129 -0.349466 -0.494444 -0.710189 -0.434823 2.84059 2.22234 2.02402 -8.56193e-18 0.033988 0.148372 -0.58412 -0.950033 -1.12828 1.37174 1.22688 1.40445 1.50759 1.39154 1.19586 1.95473 1.83085 1.30677 1.08939 1.78109 1.61757 1.1848 0.714221 1.2788 0.874586 1.15594 0.723738 1.29946 0.886589 -0.173162 0.0332282 -0.162782 -0.168691 -0.680027 -0.82877 -0.961139 
-0.130981 0.764087 0.893104 0.235103 0.256716 1.97031 36.3787 -0.520788 -0.792689 1.69296 1.71891 1.56799 0.0501519 -0.177511 -0.559329 0.0263933 -0.197433 -0.549547 0.0299086 -0.101226 -0.31251 0.400713 0.0864433 -0.143769 -1.21369 -1.06274 -0.823958 3.16518 2.50128 2.30403 -8.56193e-18 0.033988 0.148372 -0.724584 -1.02324 -1.24034 1.41632 1.22688 1.50579 1.50759 1.29047 1.19586 2.06442 1.83085 1.23757 1.08939 1.89881 1.61757 1.19828 0.714221 1.33804 0.874586 1.17037 0.723738 1.34438 0.886589 0.239928 0.890825 -0.162782 -0.168691 -0.680027 -0.82877 -0.961139 
0.0281882 0.913779 0.996467 0.24646 0.536594 1.51292 62.1995 -0.520788 -0.69708 2.73068 2.48798 2.26853 0.441888 -0.0628657 -0.267634 0.413836 -0.0776531 -0.264317 0.526671 0.113268 -0.0156511 0.717958 0.229216 0.0664168 -1.69088 -1.3202 -1.11455 3.19054 2.64202 2.47784 -8.56193e-18 0.033988 0.148372 -0.843979 -1.0059 -1.30714 1.46627 1.22688 1.589 1.50759 1.1601 1.19586 2.11776 1.83085 1.15692 1.08939 1.99167 1.61757 1.21167 0.714221 1.38446 0.874586 1.19505 0.723738 1.37547 0.886589 0.926037 1.75938 -0.162782 -0.168691 -0.680027 -0.82877 -0.961139 
0.816373 1.21083 1.31786 0.801036 0.971062 1.28034 88.6991 -0.520788 -0.792689 3.62562 3.38406 3.11346 0.66185 0.0310296 -0.0127763 0.630873 0.00469237 -0.0270611 0.866881 0.220466 0.200859 0.796262 0.237179 0.161439 -1.91988 -1.43629 -1.30168 2.87607 2.58152 2.48511 -8.56193e-18 0.033988 0.148372 -0.836956 -0.930767 -1.2231 1.52815 1.22688 1.66846 1.50759 1.01909 1.19586 2.12686 1.83085 1.07313 1.08939 2.05548 1.61757 1.24573 0.714221 1.41912 0.874586 1.23524 0.723738 1.40477 0.886589 1.87687 2.65077 -0.162782 -0.168691 -0.680027 -0.82877 -0.961139 
3.68779 1.60772 1.70117 1.2815 1.36826 1.28445 115.372 -0.520788 -0.60147 3.30175 2.96123 2.79637 0.586133 -0.0949787 -0.12218 0.547893 -0.148164 -0.143223 0.818569 0.158971 0.169703 0.555779 0.0767922 -0.0107258 -2.07882 -1.58893 -1.53161 2.00547 2.14 2.15346 -8.56193e-18 0.033988 0.148372 -0.626259 -0.872969 -1.13259 1.60586 1.3511 1.73742 1.50759 0.872741 1.19586 2.11055 1.83085 0.984426 1.08939 2.09332 1.61757 1.29652 0.769098 1.44485 0.874586 1.28869 0.832668 1.42727 0.886589 3.07931 3.54798 -0.162782 -0.168691 -0.680027 -0.82877 -0.961139 
4.19655 1.65135 1.72844 1.36389 1.32034 0.916283 114.371 -0.520788 -0.505861 1.07564 0.940856 1.01623 0.179613 -0.394273 -0.601949 0.15009 -0.470604 -0.594055 0.458018 -0.00954159 -0.0751974 0.00167039 -0.244625 -0.406643 -1.85796 -1.54013 -1.54328 0.608402 1.34298 1.50763 -8.56193e-18 0.033988 0.148372 -0.471748 -0.83829 -1.0507 1.68265 1.40002 1.79077 1.50759 0.74635 1.19586 2.09734 1.83085 0.90154 1.08939 2.10571 1.61757 1.34846 0.841167 1.46193 0.874586 1.33841 0.832668 1.43806 0.886589 4.22663 3.54798 1.54073 1.96788 -0.680027 -0.82877 -0.961139 
2.04401 1.43589 1.52045 1.16838 0.90756 0.96431 88.8757 -0.520788 -0.410251 -0.0101962 0.680987 0.609369 -0.132216 -0.42785 -0.849544 -0.152049 -0.50534 -0.828603 0.160088 -0.0297161 -0.202292 -0.324478 -0.284219 -0.510004 -1.42566 -1.48056 -1.53394 -0.198807 0.967619 1.26671 -8.56193e-18 0.033988 0.148372 -0.527934 -0.849849 -1.04208 1.68265 1.40002 1.84251 1.50759 0.74635 1.19586 2.10073 1.83085 0.90154 1.08939 2.09586 1.61757 1.34846 0.841167 1.47582 0.874586 1.33841 0.832668 1.45323 0.886589 4.22663 3.54798 7.08673 6.97275 -0.680027 -0.82877 -0.961139 
