-0.446394 -0.179821 -0.0706563 -0.386209 0.478417 -0.309662 0 -1.03125 -0.329453 0.988143 1.01581 1.22593 1.01232 1.07972 1.40206 0.968334 1.04703 1.36497 0.392635 -0.140435 -0.110158 -0.334389 -0.692824 -0.704835 -0.406248 -0.47537 -0.538373 -0.310718 -0.577009 -0.950086 0.113083 0.844143 1.13839 -0.747483 -0.663111 -0.703004 -2.90307 -3.87599 -2.3112 -2.4328 -0.331772 -0.415427 0.45555 -0.363145 -0.373171 -0.482669 0.154381 -0.292321 -2.51476 -5.8785 -1.91221 -2.82638 2.78617 -5.29771 2.02226 -2.74999 -1.37524 -1.66677 -1.17245 -1.37169 -0.535113 0.153204 0.401549 
0.0408283 0.374698 0.419953 0.270672 0.94888 -0.308085 0 -1.03125 0.137911 0.932214 0.941599 1.17385 0.964512 0.994403 1.34272 0.91393 0.963481 1.31318 0.287843 -0.172273 -0.104741 -0.519528 -0.790658 -0.708519 -0.403431 -0.474132 -0.537899 -0.310718 -0.577009 -0.831199 0.339248 1.04855 1.2551 -0.987702 -0.584886 -0.686862 -1.28952 -2.57987 -2.3112 -2.4328 -0.315117 -0.412685 0.45555 -0.363145 -0.367519 -0.481444 0.154381 -0.292321 0.190762 -3.2011 -1.91221 -2.82638 4.13937 -0.816762 2.02226 -2.74999 -1.37524 -1.66677 -1.17245 -1.37169 -0.261959 0.446047 0.608784 
0.857386 0.950736 0.927717 0.167821 0.0942877 -0.305421 0 -1.03125 0.371593 0.449683 0.497687 0.632138 0.476764 0.518684 0.717514 0.49221 0.512029 0.754097 -0.085914 -0.419503 -0.386621 -0.84063 -0.986629 -0.904942 -0.400979 -0.473956 -0.538162 -0.310718 -0.577009 -0.661265 0.678497 1.25296 1.37181 -0.567319 -0.298062 -0.52544 0.365775 -1.23344 -2.3112 -2.4328 -0.299897 -0.410297 0.45555 -0.363145 -0.365099 -0.48127 0.154381 -0.292321 0.810192 -3.2011 -1.91221 -2.82638 2.95172 -0.816762 2.02226 -2.74999 -1.37524 -1.66677 -1.17245 -1.37169 0.147772 0.738891 0.816019 
0.450379 0.649973 0.774338 0.735232 0.138186 -0.304938 0 -1.03125 0.137911 0.165578 -0.0106734 0.062264 0.246878 0.0748061 0.251335 0.247259 0.10902 0.322096 -0.367472 -0.53242 -0.519103 -0.778802 -0.864738 -0.772345 -0.398376 -0.474119 -0.538776 -0.310718 -0.577009 -0.440166 1.13083 1.45736 1.48852 -0.126919 -0.0981542 -0.331735 0.755839 -1.23344 -2.3112 -2.4328 -0.284589 -0.407762 0.45555 -0.363145 -0.364262 -0.48127 0.154381 -0.292321 2.28842 -1.30758 -1.91221 -2.82638 2.42102 -0.816762 2.02226 -2.74999 -1.37524 -1.66677 -1.17245 -1.37169 0.69408 1.03173 1.02325 
0.463622 0.670016 0.772687 1.11452 0.169294 -0.300058 0 -1.03125 -0.563135 0.1901 -0.105177 0.107994 0.252348 -0.00419931 0.233282 0.192514 0.00109535 0.242757 -0.827284 -0.740956 -0.744259 -0.81942 -0.803029 -0.722565 -0.397254 -0.474042 -0.539273 -0.310718 -0.555477 -0.1927 1.69624 1.66177 1.60523 -0.0418413 -0.15465 -0.327699 1.0132 -1.23344 -2.3112 -2.4328 -0.27275 -0.40667 0.45555 -0.363145 -0.363618 -0.48127 0.154381 -0.292321 3.80024 0.238391 -1.91221 -2.82638 2.1384 -0.816762 2.02226 -2.74999 -1.37524 -1.66677 -1.17245 -1.37169 1.37697 1.32458 1.23049 
0.663041 0.881149 0.782076 0.348706 0.174413 -0.295241 0 -0.611878 -0.329453 -0.0179652 -0.171086 0.138685 0.0617825 -0.066568 0.214298 0.0431919 -0.0587288 0.207017 -1.12727 -0.853632 -0.906509 -0.88343 -0.752308 -0.691006 -0.398027 -0.475161 -0.540477 -0.310718 -0.474904 0.0575764 2.14857 1.8253 1.6986 -0.0268277 -0.428437 -0.412445 1.38957 -1.23344 -2.3112 -2.4328 -0.266381 -0.40667 0.45555 -0.363145 -0.364892 -0.48127 0.154381 -0.292321 3.75671 0.238391 -1.91221 -2.82638 1.95489 -0.816762 2.02226 -2.74999 -1.37524 -1.66677 -1.17245 -1.37169 1.92327 1.55885 1.39628 
-0.239271 0.14326 0.157362 -0.46684 -0.358313 -0.292565 0 -0.192501 -0.796818 -0.320544 -0.266563 0.107999 -0.271843 -0.172482 0.162146 -0.238165 -0.123044 0.216287 -1.18889 -0.78786 -0.88225 -0.848185 -0.641094 -0.66782 -0.400484 -0.476896 -0.542176 -0.310718 -0.333924 0.310874 2.37474 1.87981 1.71027 -0.0868823 -0.610961 -0.44473 1.04494 -1.23344 -0.978469 -1.53286 -0.265983 -0.40667 0.45555 -0.363145 -0.368065 -0.48127 0.154381 -0.292321 2.7659 0.238391 0.307057 -1.41905 1.38602 -0.816762 3.11288 -0.187045 -1.37524 -1.66677 -1.17245 -1.37169 2.19643 1.63694 1.417 
-0.341141 -0.0240527 0.118716 -0.820422 -0.996725 -0.287966 0 0.226876 -1.0305 -0.358205 -0.229501 0.454833 -0.354631 -0.191149 0.402546 -0.367524 -0.143148 0.447443 -0.958344 -0.689536 -0.790752 -0.561862 -0.535178 -0.607764 -0.404614 -0.478957 -0.543966 -0.310718 -0.13241 0.567667 2.37474 1.8545 1.66526 -0.627374 -0.800936 -0.564643 0.664752 -1.23344 0.388743 -0.59799 -0.271791 -0.40667 0.45555 -0.363145 -0.372797 -0.48127 0.154381 -0.292321 1.65872 0.238391 0.815159 -1.41905 0.500295 -0.816762 2.15568 -0.187045 -1.37524 -1.66677 -1.17245 -1.37169 2.19643 1.60069 1.33707 
0.794493 0.959308 0.847144 -0.87035 -0.457543 -0.284836 0 0.646253 -0.796818 -0.420258 -0.219719 0.798324 -0.473758 -0.168031 0.59161 -0.462286 -0.13059 0.617458 -0.702787 -0.589876 -0.657236 -0.374973 -0.403836 -0.475263 -0.409734 -0.481485 -0.545984 -0.310718 0.129777 0.827962 2.14857 1.76397 1.57606 -1.04776 -0.66963 -0.672737 1.00492 -1.21341 0.710921 -0.59799 -0.283037 -0.40667 0.45555 -0.363145 -0.379043 -0.48127 0.154381 -0.292321 0.751874 0.238391 2.02771 -0.423762 0.156034 -0.816762 1.72797 -0.187045 -1.37524 -1.66677 -1.17245 -1.37169 1.92327 1.471 1.17868 
0.961143 1.03162 0.944281 -1.22431 -0.578756 -0.290393 0 1.06563 -0.796818 -0.613098 -0.176944 0.736004 -0.624153 -0.180093 0.507578 -0.537823 -0.132689 0.583083 -0.293358 -0.478779 -0.479888 -0.193607 -0.331285 -0.357398 -0.413685 -0.483518 -0.547687 -0.269286 0.423231 1.09881 1.69624 1.61635 1.44962 -0.567319 -0.555914 -0.713765 1.31913 -1.04439 0.923496 -0.59799 -0.296708 -0.40667 0.45555 -0.363145 -0.385896 -0.48127 0.154381 -0.292321 -0.265176 0.238391 3.26781 0.388849 -0.189104 -0.816762 1.50018 -0.187045 -1.37524 -1.66677 -1.17245 -1.37169 1.37697 1.2595 0.954176 
-0.140903 0.17978 0.321193 -0.844902 -0.523184 -0.292533 0 1.06563 -1.0305 -0.578487 -0.0570251 0.78636 -0.581222 -0.109953 0.528805 -0.484126 -0.0802029 0.605447 0.249962 -0.343052 -0.320957 0.041591 -0.243333 -0.237227 -0.416091 -0.484665 -0.548635 -0.114248 0.720017 1.37262 1.13083 1.45736 1.31346 -0.0268277 -0.506661 -0.743359 1.12555 -1.04439 1.23436 -0.59799 -0.310479 -0.40667 0.45555 -0.363145 -0.392454 -0.48127 0.154381 -0.292321 -0.813182 0.238391 3.23211 0.388849 -0.442428 -0.816762 1.35228 -0.187045 -1.37524 -1.66677 -1.17245 -1.37169 0.69408 1.03173 0.712402 
-0.645189 -0.410779 -0.347933 -0.165584 -0.413468 -0.291686 0 1.06563 -0.563135 -0.383383 0.0265909 1.11082 -0.389714 -0.0368996 0.781545 -0.331391 0.00081804 0.809835 0.497303 -0.301104 -0.238341 0.322364 -0.166768 -0.154081 -0.41777 -0.486729 -0.549375 0.157027 1.02039 1.64811 0.678497 1.25296 1.20205 0.393555 -0.480586 -0.683927 0.677822 -1.04439 0.949707 -0.59799 -0.32361 -0.40667 0.80097 -0.313535 -0.399491 -0.48127 0.201407 -0.286949 -0.80353 0.238391 2.41938 0.388849 -0.600935 -0.816762 0.893795 -0.187045 -1.37524 -1.66677 -1.17245 -1.37169 0.147772 0.738891 0.514587 
-0.809853 -0.656252 -0.768256 0.0645967 -0.282301 -0.295205 0 1.06563 0.137911 -0.305043 0.387181 1.37849 -0.302497 0.266933 1.07112 -0.21253 0.316193 1.08572 0.349272 -0.32883 -0.207512 0.297822 -0.136004 -0.0809572 -0.418631 -0.488394 -0.550074 0.544779 1.3249 1.91468 0.339248 1.04855 1.10922 0.213391 -0.506661 -0.723182 0.189088 -1.04439 0.635687 -0.59799 -0.335504 -0.40667 1.11663 -0.270338 -0.406614 -0.48127 0.221542 -0.286185 -0.649509 0.238391 1.51118 0.388849 -0.677013 -0.816762 0.179939 -0.187045 -1.37524 -1.66677 -1.17245 -1.37169 -0.261959 0.446047 0.34974 
-0.714805 -0.592151 -0.419246 -0.0600152 -0.229012 -0.295597 0 1.06563 -0.0957713 -0.0409851 0.975733 1.51473 0.0576117 0.697295 1.24007 0.149026 0.728662 1.26333 0.111435 -0.328101 -0.22021 0.205238 -0.0909881 -0.0805394 -0.418195 -0.489492 -0.550287 1.04928 1.63357 2.12659 0.113083 0.844143 1.03066 -0.146937 -0.558811 -0.699279 -0.20318 -1.04439 0.916652 -0.584079 -0.345331 -0.40667 1.43412 -0.224475 -0.413436 -0.48127 0.228504 -0.286185 -0.590812 0.238391 0.767322 0.388849 -0.720326 -0.816762 -0.0975217 -0.187045 -1.37524 -1.66677 -1.17245 -1.37169 -0.535113 0.153204 0.210255 
0.339494 0.612926 0.65249 0.0516056 0.106069 -0.292068 10.0197 1.06563 0.137911 0.599561 1.21325 1.51235 0.56241 0.886829 1.24784 0.551155 0.920404 1.26252 -0.12512 -0.218739 -0.237256 0.134207 -0.000142845 -0.0981883 -0.417669 -0.490773 -0.550578 1.57251 1.93322 2.26526 -8.03965e-18 0.639736 0.963329 -0.44721 -0.663111 -0.675332 -0.0756064 -1.04439 1.17618 -0.466721 -0.353433 -0.40667 1.67967 -0.204708 -0.420128 -0.48127 0.23386 -0.286185 -0.478642 0.238391 -0.0669366 0.388849 -0.629358 -0.816762 -0.375689 -0.187045 -1.35624 -1.51389 -1.17245 -1.37169 -0.67169 -0.13964 0.0906965 
0.529955 0.749206 0.751968 0.640073 0.389405 -0.296126 37.4932 1.06563 0.838957 0.953226 1.32328 1.39708 0.776201 0.940899 1.13678 0.709064 0.978063 1.15653 -0.428591 -0.147259 -0.272649 -0.003549 0.0558384 -0.13094 -0.417952 -0.491645 -0.551134 1.94711 2.1558 2.28043 -8.03965e-18 0.435329 0.904974 -1.04776 -0.689186 -0.590009 0.0855896 -1.04439 1.01629 -0.466721 -0.360731 -0.40667 1.81176 -0.204708 -0.426481 -0.48127 0.223263 -0.286185 -0.0775258 0.238391 -0.516451 0.388849 -0.447891 -0.816762 -0.579857 -0.187045 -1.29079 -1.09469 -1.17245 -1.37169 -0.67169 -0.432483 -0.012921 
-0.47203 -0.185098 -0.0716083 0.381556 0.871359 -0.298227 65.6029 1.06563 0.371593 1.00003 1.59657 1.3182 0.825168 1.13549 1.06081 0.79802 1.12585 1.09952 -0.700835 -0.157851 -0.343282 -0.305625 0.0263481 -0.19596 -0.417966 -0.491691 -0.551932 2.09877 2.26093 2.13922 -8.03965e-18 0.271803 0.788264 -0.206992 -0.454511 -0.460872 -0.0920199 -1.04439 0.646483 -0.466721 -0.367181 -0.40667 1.82 -0.204708 -0.432111 -0.48127 0.196865 -0.286185 0.151134 0.238391 -0.508534 0.388849 -0.124685 -0.816762 -0.707607 -0.187045 -1.186 -0.665781 -1.17245 -1.37169 -0.67169 -0.666758 -0.220156 
-0.823434 -0.788091 -0.699841 -0.675968 -0.510733 -0.299073 93.7712 1.06563 -0.329453 1.49673 1.7835 1.51133 1.22135 1.35684 1.28615 1.168 1.30683 1.30674 -0.789319 -0.11838 -0.328837 -0.587522 0.0352706 -0.167029 -0.417104 -0.491527 -0.552567 2.02569 2.23455 1.89857 -8.03965e-18 0.149159 0.671554 0.153336 -0.298062 -0.44473 -0.444851 -1.04439 0.242806 -0.466721 -0.372348 -0.40667 1.69955 -0.204708 -0.437032 -0.48127 0.157494 -0.286185 -0.129576 0.238391 -0.382195 0.388849 -0.279093 -0.816762 -0.768923 -0.187045 -1.04835 -0.235982 -1.17245 -1.37169 -0.67169 -0.842464 -0.427391 
0.138921 0.518859 0.438906 -0.848858 -0.168285 -0.300432 122.004 1.06563 -0.329453 2.08237 1.76223 1.72048 1.50557 1.35544 1.49339 1.41003 1.33044 1.51206 -0.585256 -0.0698554 -0.270612 -0.528324 -0.0176054 -0.117038 -0.416311 -0.490505 -0.553145 1.72737 2.02214 1.611 -8.03965e-18 0.0673964 0.554844 0.153336 -0.193762 -0.541583 -0.360227 -1.04439 -0.0811936 -0.466721 -0.376476 -0.40667 1.46631 -0.204708 -0.440945 -0.48127 0.105531 -0.286185 -0.455695 0.238391 -0.334047 0.388849 -0.313565 -0.816762 -0.803832 -0.187045 -0.882934 0.194804 -1.17245 -1.37169 -0.67169 -0.959601 -0.634626 
2.03813 1.50509 1.32706 -0.802901 -0.166925 -0.299932 136.554 1.06563 -0.329453 1.77845 1.54966 1.48363 1.19562 1.20452 1.30593 1.21028 1.20799 1.38066 -0.251827 -0.0267268 -0.159712 -0.3711 -0.0535552 -0.0824466 -0.415388 -0.489092 -0.553676 1.27623 1.65247 1.30124 -8.03965e-18 0.0265149 0.438134 0.273445 -0.193762 -0.606151 0.00290913 0.0622924 0.0241779 -0.466721 -0.379647 -0.40667 1.18278 -0.204708 -0.443821 -0.48127 0.0485125 -0.286185 -0.730273 0.238391 -0.242037 0.388849 -0.344199 -0.816762 -0.730516 -0.187045 -0.713366 0.416804 -1.15324 -1.22947 -0.67169 -1.01817 -0.841861 
1.67951 1.36543 1.22236 -0.219792 0.101592 -0.299361 138.105 1.06563 -1.0305 1.38804 1.2158 1.04249 0.975063 1.00807 0.898076 1.05795 1.04202 1.01544 -0.020096 -0.0326984 -0.0453021 -0.190219 -0.0949223 -0.0739694 -0.414021 -0.488649 -0.55395 0.80669 1.18232 1.0177 -8.03965e-18 0.0265149 0.298082 0.153336 -0.271987 -0.67072 0.292757 0.0622924 0.15732 -0.466721 -0.381745 -0.40667 0.897158 -0.204708 -0.44623 -0.48127 -0.00605734 -0.286185 -0.74997 0.238391 0.0869878 0.388849 -0.298359 -0.816762 -0.58426 -0.187045 -0.557847 0.440472 -1.08703 -0.839522 -0.67169 -1.01817 -1.09054 
0.433215 0.62137 0.78853 -0.0494847 -0.348892 -0.301896 139.772 1.06563 -1.0305 1.4556 0.942509 0.782405 1.02399 0.814755 0.59544 1.05746 0.881002 0.708294 0.184105 -0.0774878 -0.0464586 -0.00434258 -0.156811 -0.115906 -0.413039 -0.488087 -0.554019 0.441287 0.639271 0.783672 -8.03965e-18 0.0265149 0.15803 -0.44721 -0.350212 -0.654578 0.35943 0.0622924 0.010621 -0.466721 -0.383125 -0.40667 0.624826 -0.204708 -0.448187 -0.48127 -0.0645986 -0.286185 -0.704108 0.238391 0.274551 0.388849 -0.37448 -0.816762 -0.323769 -0.187045 -0.41431 0.465909 -0.981033 -0.440543 -0.67169 -1.01817 -1.33923 
1.83728 1.35543 1.36228 -0.751564 -1.21627 -0.300865 141.7 1.06563 -0.796818 1.0421 0.68829 0.426538 0.767723 0.639893 0.270766 0.749183 0.693509 0.379977 0.453487 -0.0507708 -0.0413875 0.460165 -0.0726279 -0.0827727 -0.412682 -0.487433 -0.554 0.156908 0.0915076 0.546324 -8.03965e-18 0.0265149 0.0179784 -0.867592 -0.454511 -0.52544 0.606042 0.0622924 -0.280804 -0.466721 -0.384201 -0.40667 0.378138 -0.204708 -0.449714 -0.48127 -0.123865 -0.286185 -0.913684 0.238391 0.044292 0.388849 -0.660925 -0.816762 -0.448216 -0.187045 -0.280871 0.495337 -0.841798 -0.0407335 -0.67169 -1.01817 -1.33923 
3.0583 1.76289 1.67552 -0.153258 0.0212545 -0.299926 143.633 1.06563 -0.796818 -0.207666 0.127081 -0.204916 -0.0925672 0.309735 -0.191078 -0.058886 0.36211 -0.0435183 0.480391 -0.0165646 0.0155077 0.497794 0.0129299 -0.0494914 -0.412007 -0.48747 -0.553897 -0.151693 -0.39898 0.301048 -8.03965e-18 0.0265149 -0.122074 -1.04776 -0.689186 -0.493156 0.930906 0.664858 -0.210908 -0.466721 -0.384854 -0.40667 0.174334 -0.204708 -0.451128 -0.48127 -0.180624 -0.286185 -0.90044 0.238391 -0.223214 0.388849 -0.626874 -0.816762 -0.475999 -0.187045 -0.156261 0.524821 -0.674471 0.359995 -0.67169 -1.01817 -1.09054 
1.36979 1.1157 1.22109 0.754877 1.0039 -0.299685 149.457 1.06563 -1.0305 -1.18038 -0.494842 -0.683398 -0.647128 -0.11011 -0.5605 -0.610862 -0.0265015 -0.418384 0.247234 -0.0733717 -0.012572 0.275191 -0.0588556 -0.093214 -0.411578 -0.487654 -0.553836 -0.501301 -0.840518 0.0408886 -8.03965e-18 0.0265149 -0.262126 -0.747483 -0.741336 -0.44473 1.07912 0.664858 0.0890289 0.301683 -0.385253 -0.40667 0.0062995 -0.204708 -0.452497 -0.48127 -0.236299 -0.286185 -0.589026 0.238391 -0.448443 0.388849 -0.369437 -0.292735 -0.500689 -0.187045 -0.0349947 0.613686 -0.502949 0.566505 -0.67169 -1.01817 -0.841861 
1.42291 1.1899 1.16168 0.556593 1.10572 -0.299691 151.088 1.06563 -1.0305 -1.39687 -0.878208 -0.94626 -0.806222 -0.472858 -0.751421 -0.813055 -0.398678 -0.634254 -0.0361725 -0.150366 -0.153444 -0.0561067 -0.206775 -0.231676 -0.412228 -0.487475 -0.55402 -0.948341 -1.21085 -0.233522 -8.03965e-18 -0.0143665 -0.378836 -0.267046 -0.480586 -0.364019 1.23255 0.664858 0.328432 0.301683 -0.385916 -0.40667 -0.145073 -0.204708 -0.453697 -0.48127 -0.289156 -0.286185 -0.364388 0.238391 -0.4646 0.388849 -0.109273 0.67711 -0.463744 -0.187045 0.0787281 0.638579 -0.345637 0.588521 -0.67169 -0.959601 -0.634626 
1.92113 1.47443 1.25654 0.527787 0.675697 -0.299718 152.017 1.06563 -0.563135 -1.78365 -1.30291 -1.33275 -1.06891 -0.870884 -1.00466 -1.01733 -0.763518 -0.850296 -0.226893 -0.22962 -0.282456 -0.377007 -0.4004 -0.368404 -0.412451 -0.487791 -0.554382 -1.52652 -1.462 -0.516651 -8.03965e-18 -0.0961293 -0.495546 -0.206992 -0.115537 -0.380161 1.43594 0.664858 0.383502 0.301683 -0.386628 -0.40667 -0.278835 -0.204708 -0.454915 -0.48127 -0.336 -0.286185 -0.165179 0.238391 -0.42698 0.388849 0.0399982 0.67711 -0.525095 -0.187045 0.185005 0.65275 -0.200446 0.612183 -0.67169 -0.842464 -0.427391 
0.671631 0.921371 0.734455 0.713267 0.843185 -0.302564 147.098 1.06563 -0.563135 -2.10189 -1.7421 -1.72586 -1.2748 -1.28475 -1.34607 -1.10577 -1.11015 -1.12285 -0.44854 -0.309161 -0.391785 -0.638629 -0.483495 -0.509093 -0.412819 -0.488224 -0.554551 -2.07551 -1.64039 -0.789005 -8.03965e-18 -0.218774 -0.612256 -0.267046 0.145212 -0.412445 1.50985 0.664858 0.587195 0.301683 -0.387445 -0.40667 -0.385991 -0.204708 -0.456187 -0.48127 -0.376947 -0.286185 0.0743686 0.238391 -0.598891 0.388849 0.213018 0.67711 -0.755957 -0.187045 0.278694 0.65275 -0.0654682 0.639558 -0.67169 -0.666758 -0.220156 
-0.539952 -0.258084 -0.162675 -0.0395046 -0.418595 -0.298003 116.932 1.06563 -0.563135 -1.65792 -1.95167 -1.88024 -0.979977 -1.5743 -1.52039 -0.784458 -1.36831 -1.2835 -0.722209 -0.328823 -0.481876 -0.831555 -0.514608 -0.610944 -0.413977 -0.488918 -0.554877 -2.34527 -1.68396 -0.99705 -8.03965e-18 -0.382299 -0.728966 -0.0868823 0.223437 -0.347877 1.34198 0.664858 0.855521 0.720065 -0.388678 -0.40667 -0.47162 -0.204708 -0.45759 -0.48127 -0.409498 -0.286185 0.0835701 0.238391 -0.588027 0.388849 0.12381 0.67711 -0.728514 -0.187045 0.336339 0.65275 0.0605778 0.666985 -0.67169 -0.432483 -0.012921 
-0.582331 -0.324789 -0.206516 -0.190447 -0.378271 -0.29681 86.5391 1.06563 0.137911 -0.94415 -1.93192 -1.84651 -0.576884 -1.62469 -1.49284 -0.413794 -1.44457 -1.2517 -0.727901 -0.308517 -0.511001 -0.679632 -0.429065 -0.601697 -0.416076 -0.490361 -0.555308 -2.23036 -1.53769 -1.09464 -8.03965e-18 -0.586706 -0.845676 -0.146937 0.197362 -0.347877 1.17235 0.664858 0.977944 0.720065 -0.390655 -0.40667 -0.537374 -0.204708 -0.459339 -0.48127 -0.433426 -0.286185 0.0507118 0.238391 -0.332582 0.388849 0.048282 0.67711 -0.52103 0.11268 0.361327 0.65275 0.183242 0.749649 -0.67169 -0.13964 0.194314 
-0.329615 0.0303662 0.0797766 0.119794 -0.062616 -0.303028 55.883 1.06563 0.137911 -0.706286 -1.69469 -1.69922 -0.625792 -1.48647 -1.34843 -0.484719 -1.35283 -1.10426 -0.581492 -0.387355 -0.502754 -0.48297 -0.425576 -0.589536 -0.416943 -0.491335 -0.555357 -1.71251 -1.22983 -1.06261 -0.113083 -0.791113 -0.962386 -0.44721 0.119137 -0.396303 1.08035 0.664858 1.10467 0.720065 -0.392837 -0.40667 -0.580898 -0.204708 -0.461262 -0.48127 -0.453471 -0.286185 0.102412 0.238391 -0.148318 0.388849 0.0362023 0.67711 -0.311348 0.667397 0.356578 0.65275 0.298276 0.772805 -0.535113 0.153204 0.401549 
-0.272536 0.0272805 0.209868 -0.0380928 -0.585917 -0.301279 25.1775 1.06563 -0.329453 -0.52391 -1.48261 -1.3939 -0.753241 -1.33402 -1.12629 -0.653515 -1.24631 -0.915269 -0.605188 -0.461302 -0.455263 -0.419232 -0.412833 -0.564291 -0.41746 -0.49205 -0.555391 -0.807879 -0.791615 -0.865461 -0.339248 -0.99552 -1.0791 -0.44721 -0.0633876 -0.29945 0.993529 0.664858 1.27266 0.720065 -0.395073 -0.40667 -0.60951 -0.204708 -0.463268 -0.48127 -0.469754 -0.286185 0.110238 0.238391 0.0150883 0.388849 -0.069196 0.67711 -0.191042 0.667397 0.324835 0.65275 0.405778 0.785987 -0.261959 0.446047 0.608784 
0.565783 0.777752 0.775616 -0.269382 0.0205616 -0.302413 26.5797 1.06563 -0.329453 -0.397524 -1.536 -1.27551 -0.868886 -1.39895 -1.07753 -0.830042 -1.29476 -0.8882 -0.519244 -0.503153 -0.416297 -0.315633 -0.471131 -0.500146 -0.418517 -0.492978 -0.555049 0.229043 -0.282642 -0.563976 -0.678497 -1.19993 -1.19581 -0.206992 -0.219837 -0.154171 1.04432 0.664858 1.33371 0.720065 -0.397552 -0.40667 -0.631822 -0.204708 -0.46541 -0.48127 -0.48246 -0.286185 0.0598553 0.238391 0.211583 0.388849 -0.062484 0.67711 -0.0515951 0.667397 0.296225 0.65275 0.500547 0.785987 0.147772 0.738891 0.816019 
0.517836 0.735047 0.760374 -0.500714 0.278688 -0.306082 57.0933 1.06563 0.371593 -0.675877 -1.51709 -1.47176 -1.24192 -1.45133 -1.28568 -1.2242 -1.33378 -1.08432 -0.154975 -0.591938 -0.406485 -0.167485 -0.68312 -0.527814 -0.419379 -0.493319 -0.553316 1.11153 0.162752 -0.269155 -1.13083 -1.40433 -1.31252 -0.387155 -0.350212 -0.154171 1.08482 0.664858 1.19505 0.720065 -0.400185 -0.40667 -0.645385 -0.204708 -0.467517 -0.48127 -0.494227 -0.286185 -0.0436109 0.238391 0.21913 0.388849 -0.0124932 0.67711 -0.123493 0.667397 0.294822 0.65275 0.558856 0.785987 0.69408 1.03173 1.02325 
-0.60591 -0.394467 -0.255627 -0.116754 0.254546 -0.306454 87.6276 1.06563 0.137911 -0.981484 -1.18486 -1.52501 -1.68901 -1.2676 -1.33594 -1.6751 -1.1681 -1.14128 0.0546212 -0.613973 -0.428245 -0.222611 -0.746692 -0.555047 -0.419191 -0.492983 -0.548243 1.61494 0.481953 -0.0442907 -1.69624 -1.60874 -1.42923 -0.747483 -0.532736 -0.170313 0.935186 0.664858 1.05495 0.720065 -0.402604 -0.40667 -0.653645 -0.204708 -0.469417 -0.48127 -0.505612 -0.286185 -0.0507972 0.238391 0.192178 0.388849 0.030673 0.67711 -0.184365 0.667397 0.318311 0.65275 0.584132 0.785987 1.37697 1.32458 1.23049 
-1.09048 -1.64687 -1.69017 0.204871 -0.0562356 -0.30493 118.199 0.646253 0.137911 -0.910227 -0.831606 -1.22969 -1.44328 -0.875263 -1.0428 -1.44127 -0.756007 -0.867387 -0.0344089 -0.561914 -0.50374 -0.336193 -0.709741 -0.567813 -0.41887 -0.492764 -0.5435 1.73832 0.683331 0.0407195 -2.14857 -1.77227 -1.52259 -0.807538 -0.741336 -0.170313 0.591409 0.664858 0.978953 0.720065 -0.404784 -0.40667 -0.667405 -0.204708 -0.471155 -0.48127 -0.515596 -0.286185 0.0160098 0.238391 0.234586 0.388849 0.0217797 0.67711 -0.194101 0.667397 0.364647 0.65275 0.579328 0.785987 1.92327 1.55885 1.39628 
-1.1117 -1.74921 -1.68676 -0.641657 -1.30423 -0.307467 148.74 0.226876 0.838957 -0.600483 -0.236619 -0.932101 -0.715689 -0.224627 -0.657516 -0.715529 -0.117266 -0.481499 -0.0564556 -0.459217 -0.502974 -0.233486 -0.569024 -0.51437 -0.419785 -0.492475 -0.538582 1.47291 0.761775 0.0135545 -2.37474 -1.85403 -1.56928 -0.987702 -0.715261 -0.347877 0.250119 0.664858 0.907245 0.720065 -0.407138 -0.40667 -0.682175 -0.204708 -0.472728 -0.48127 -0.52573 -0.286185 -0.109261 0.238391 0.241006 0.388849 -0.180666 0.67711 -0.279048 0.667397 0.431954 0.65275 0.54722 0.785987 2.19643 1.67599 1.47917 
-0.994927 -1.22921 -1.1231 -0.230398 -0.509587 -0.309798 150.501 -0.192501 0.838957 -0.360752 0.408045 -0.754532 -0.180309 0.416563 -0.33946 -0.141343 0.468177 -0.173789 -0.0560983 -0.349126 -0.486211 -0.205214 -0.396483 -0.459504 -0.419443 -0.491026 -0.532824 0.955047 0.773146 -0.0699674 -2.37474 -1.85403 -1.56928 -0.206992 -0.584886 -0.606151 0.00642846 0.664858 0.949197 0.720065 -0.409261 -0.40667 -0.699113 -0.204708 -0.47387 -0.48127 -0.536316 -0.286185 -0.138788 0.238391 0.199678 0.388849 -0.25216 0.67711 -0.273638 0.667397 0.497037 0.65275 0.51828 0.785987 2.19643 1.67599 1.47917 
-0.982043 -1.21435 -1.10095 1.08031 0.502078 -0.31068 149.988 -0.611878 -0.0957713 0.0313919 0.691803 -0.432711 0.418022 0.818714 0.0327149 0.441817 0.830804 0.153271 -0.390629 -0.351309 -0.586235 -0.404682 -0.319037 -0.52984 -0.418367 -0.487667 -0.522268 0.439479 0.771415 -0.152886 -2.14857 -1.77227 -1.52259 0.153336 -0.480586 -0.75143 -0.222547 0.664858 0.982644 0.720065 -0.41095 -0.40667 -0.724676 -0.204708 -0.474167 -0.48127 -0.547989 -0.286185 0.110044 0.238391 0.114807 0.388849 -0.170764 0.67711 -0.233348 0.667397 0.558408 0.65275 0.516861 0.785987 1.92327 1.55885 1.39628 
-1.07864 -1.5656 -1.50894 0.897147 0.562607 -0.313499 149.532 -1.03125 -0.329453 0.531214 0.775026 0.0125494 1.19975 1.02178 0.466633 1.21298 1.04542 0.530823 -0.851609 -0.51413 -0.694164 -0.568871 -0.416332 -0.589416 -0.416566 -0.478647 -0.496609 0.0557284 0.694505 -0.219629 -1.69624 -1.60874 -1.42923 0.0332269 -0.532736 -0.719146 -0.491178 0.664858 0.859055 0.720065 -0.412022 -0.40667 -0.765698 -0.204708 -0.47239 -0.48127 -0.562538 -0.286185 0.308714 0.238391 0.108913 0.388849 -0.0847328 0.67711 -0.198557 0.667397 0.616386 0.65275 0.540621 0.785987 1.37697 1.32458 1.23049 
-0.757192 -0.527037 -0.610656 -0.348017 -0.225374 -0.312804 149.123 -1.03125 -0.0957713 0.816564 0.821258 0.252848 1.64453 1.12895 0.730442 1.72768 1.18036 0.790207 -0.939607 -0.615867 -0.69274 -0.621801 -0.460778 -0.557626 -0.414559 -0.469845 -0.424765 -0.196307 0.488344 -0.218225 -1.13083 -1.40433 -1.31252 0.0332269 -0.663111 -0.703004 -0.599289 0.664858 0.575108 0.720065 -0.412462 -0.40667 -0.810933 -0.204708 -0.46874 -0.477203 -0.578535 -0.286185 0.247522 0.238391 0.163712 0.388849 -0.113458 0.67711 -0.205725 0.667397 0.671253 0.65275 0.587491 0.785987 0.69408 1.03173 1.02325 
-0.321328 0.0956701 0.0462455 -0.711741 -0.572673 -0.314415 146.872 -1.03125 -0.796818 1.18851 0.799405 0.405504 1.68345 1.05669 0.77178 1.77035 1.14858 0.840403 -0.701121 -0.544474 -0.604623 -0.588502 -0.432195 -0.46718 -0.412127 -0.461287 -0.338699 -0.301518 0.216994 -0.204336 -0.678497 -1.19993 -1.19581 -0.327101 -0.715261 -0.719146 -0.615968 0.664858 0.293216 0.720065 -0.412196 -0.40667 -0.857309 -0.204708 -0.463403 -0.468737 -0.59523 -0.286185 0.117907 0.238391 0.0609561 0.388849 -0.188384 0.67711 -0.368888 0.667397 0.721982 0.65275 0.655574 0.785987 0.147772 0.738891 0.816019 
-0.633486 -0.41404 -0.248302 -0.831448 -1.02827 -0.314099 148.827 -1.03125 -1.0305 1.54281 0.787634 0.578123 1.68743 1.02912 0.736057 1.73499 1.11968 0.739711 -0.557584 -0.469619 -0.495789 -0.558779 -0.381589 -0.37438 -0.408009 -0.451359 -0.261647 -0.278539 -0.1207 -0.186601 -0.339248 -0.99552 -1.0791 -0.927647 -0.767411 -0.493156 -0.700855 0.664858 0.0919357 0.720065 -0.41081 -0.40667 -0.908729 -0.204708 -0.456205 -0.458916 -0.613051 -0.286185 -0.0286124 0.238391 0.0367363 0.388849 -0.320777 0.67711 -0.426509 0.667397 0.771645 0.65275 0.721407 0.785987 -0.261959 0.446047 0.608784 
-0.578845 -0.324915 -0.184921 -1.23509 -1.43644 -0.312141 149.229 -1.03125 -0.329453 1.5811 0.910233 0.645127 1.65585 1.16257 0.642675 1.66958 1.1988 0.557988 -0.281524 -0.371021 -0.357026 -0.249616 -0.222602 -0.234751 -0.400203 -0.434481 -0.129167 -0.257734 -0.461193 -0.180908 -0.113083 -0.791113 -0.962386 -0.267046 -0.81956 -0.283308 -0.770096 0.664858 -0.0971897 0.720065 -0.407389 -0.40667 -0.963342 -0.204708 -0.445833 -0.44222 -0.630584 -0.286185 -0.244039 0.238391 0.240846 0.388849 -0.500515 0.67711 -0.360907 0.667397 0.81931 0.65275 0.783486 0.785987 -0.535113 0.153204 0.401549 
-0.0753443 0.269206 0.351897 -0.766147 -0.373274 -0.308169 149.623 -1.03125 -0.329453 1.36559 0.957629 0.541364 1.28173 1.19963 0.422374 1.30851 1.18704 0.322776 0.125912 -0.267257 -0.244081 0.095996 -0.0877286 -0.15853 -0.381523 -0.394986 0.0524686 -0.266273 -0.724878 -0.23441 -8.03965e-18 -0.586706 -0.845676 0.0332269 -0.715261 -0.025034 -0.759425 0.664858 -0.319069 0.720065 -0.39921 -0.391354 -1.01352 -0.204708 -0.427908 -0.403151 -0.646387 -0.286185 -0.364049 0.238391 0.40381 0.388849 -0.536354 0.67711 -0.29157 0.667397 0.865106 0.65275 0.842132 0.785987 -0.67169 -0.13964 0.194314 
0.199146 0.454896 0.620376 0.0465656 -0.291032 -0.308788 150.077 -1.03125 -0.563135 0.96053 0.787912 0.462018 0.647362 0.99995 0.339343 0.655031 0.957847 0.189827 0.26264 -0.236151 0.0968288 0.283444 -0.0215764 0.164018 -0.365091 -0.283499 0.34179 -0.40681 -0.85833 -0.344254 -8.03965e-18 -0.382299 -0.728966 0.3335 -0.558811 0.313951 -0.725726 0.664858 -0.408365 0.720065 -0.387162 -0.375354 -1.05872 -0.204708 -0.388632 -0.292864 -0.660849 -0.286185 -0.333304 0.238391 0.353616 0.388849 -0.560351 0.67711 -0.314721 0.667397 0.909192 0.65275 0.897631 0.785987 -0.67169 -0.432483 -0.012921 
1.87474 1.40394 1.33167 0.413806 -0.506696 -0.308888 152.353 -1.03125 0.371593 0.205363 0.337612 0.158194 -0.0783221 0.485406 0.0671981 -0.0698813 0.425571 -0.0952832 0.119174 -0.241113 0.0982314 0.31672 0.0316402 0.216802 -0.348025 -0.149599 0.405687 -0.569992 -0.926368 -0.539613 -8.03965e-18 -0.218774 -0.612256 0.213391 -0.376287 0.405039 -0.575947 0.664858 -0.422141 0.720065 -0.371332 -0.358738 -1.10754 -0.204708 -0.325013 -0.160407 -0.673937 -0.286185 -0.239503 0.238391 0.247296 0.388849 -0.609722 0.67711 -0.375109 0.667397 0.952779 0.65788 0.948945 0.785987 -0.67169 -0.666758 -0.220156 
1.93126 1.4501 1.31404 0.108657 -0.0868639 -0.298347 152.516 -1.03125 1.07264 -0.776723 -0.321615 -0.355079 -0.77198 -0.245949 -0.34647 -0.748795 -0.308554 -0.47458 -0.124311 -0.314616 0.0908469 0.275725 -0.042647 0.238399 -0.330407 -0.0309159 0.478874 -0.754481 -0.932085 -0.798875 -8.03965e-18 -0.0961293 -0.495546 -0.627374 -0.219837 0.34996 -0.426813 0.664858 -0.492255 0.720065 -0.35182 -0.341584 -1.15158 -0.204708 -0.241469 -0.0430023 -0.683438 -0.286185 -0.201978 0.238391 0.12711 0.388849 -0.606721 0.67711 -0.481812 0.667397 0.994646 0.660366 0.999181 0.785987 -0.67169 -0.842464 -0.427391 
-0.0256546 0.337375 0.374168 0.106733 0.22775 -0.273426 152.586 -1.03125 0.371593 -1.41248 -0.767828 -0.589794 -1.28629 -0.84966 -0.582652 -1.2498 -0.929202 -0.712174 -0.336445 -0.34271 0.0896362 0.0717001 -0.1159 0.254404 -0.301843 0.172251 0.562138 -0.933288 -0.933162 -1.06085 -8.03965e-18 -0.0143665 -0.378836 -0.807538 -0.0373127 0.30588 -0.415922 0.664858 -0.549445 0.720065 -0.326209 -0.313772 -1.18661 -0.204708 -0.123476 0.157976 -0.68591 -0.286185 -0.166309 0.238391 -0.0495984 0.388849 -0.566907 0.67711 -0.626673 0.667397 1.03485 0.661437 1.0474 0.785987 -0.67169 -0.959601 -0.634626 
-0.751454 -0.652391 -0.474855 -0.214062 0.128441 -0.206689 146.799 -1.03125 0.605275 -1.51944 -0.912907 -0.54764 -1.3812 -1.1511 -0.59231 -1.41259 -1.24512 -0.763283 -0.507871 -0.230465 0.101726 -0.211973 -0.0901379 0.276142 -0.23345 0.445649 0.65482 -1.06189 -0.926716 -1.25949 -8.03965e-18 0.0265149 -0.262126 -0.44721 0.249512 0.346235 -0.520669 0.664858 -0.540631 0.720065 -0.285445 -0.247181 -1.20883 -0.204708 0.0397251 0.428428 -0.671126 -0.286185 -0.184916 0.238391 -0.14804 0.388849 -0.540111 0.67711 -0.655558 0.667397 1.07014 0.661437 1.09372 0.785987 -0.67169 -1.01817 -0.841861 
-0.826153 -0.781163 -0.672931 -0.654458 0.0965802 -0.2129 116.182 -1.03125 0.605275 -1.38702 -0.867074 -0.537124 -1.17813 -1.13659 -0.606669 -1.28389 -1.29347 -0.819042 -0.518419 0.369093 0.188864 -0.296381 0.401003 0.307587 -0.00159673 0.883358 0.763572 -0.910478 -0.842693 -1.31419 -8.03965e-18 0.0265149 -0.145416 -0.146937 0.510261 0.362377 -0.636002 0.664858 -0.512797 0.720065 -0.192509 -0.0214353 -1.21796 -0.204708 0.274893 0.861422 -0.640754 -0.268346 -0.273927 0.238391 -0.12282 0.388849 -0.51796 0.67711 -0.674898 0.667397 1.08699 0.661437 1.13831 0.785987 -0.67169 -1.01817 -1.0491 
-0.950903 -1.12701 -0.936242 -0.201306 -0.337407 -0.210828 113.844 -1.03125 -0.563135 -1.1917 -0.848318 -0.54806 -0.944335 -1.10206 -0.688305 -1.08087 -1.32122 -0.976349 -0.363565 0.455 0.294641 -0.303555 0.443852 0.365804 0.284358 1.02079 0.897765 -0.610178 -0.715567 -1.23928 -8.03965e-18 0.0265149 -0.0520475 -0.327101 0.640635 0.523799 -0.785605 0.664858 -0.389085 0.720065 -0.0381063 0.256987 -1.21246 -0.204708 0.525147 0.997373 -0.596348 -0.23121 -0.287729 0.238391 -0.0458779 0.388849 -0.544671 0.67711 -0.71469 0.667397 1.1019 0.661437 1.1824 0.79076 -0.67169 -1.01817 -1.21488 
-0.79109 -0.599478 -0.677457 -0.479408 -0.310332 -0.195727 113.382 -1.03125 -1.0305 -0.704333 -0.7877 -0.574935 -0.737624 -1.03222 -0.846447 -0.970864 -1.29268 -1.16921 -0.185743 0.522548 0.378352 -0.329438 0.506988 0.399298 0.532959 1.19276 1.06503 -0.285178 -0.572929 -1.08539 -8.03965e-18 0.0265149 0.0179784 -0.867592 0.940497 0.923317 -0.871637 0.664858 -0.265906 0.720065 0.165948 0.499039 -1.18371 -0.204708 0.795586 1.16749 -0.536468 -0.18813 -0.344234 0.238391 -0.0150973 0.388849 -0.567436 0.67711 -0.712271 0.667397 1.116 0.661437 1.22475 0.793072 -0.67169 -1.01817 -1.33923 
-0.644854 -0.288143 -0.481706 -0.446132 -0.271379 -0.10026 113.034 -1.03125 -0.563135 -0.276406 -0.802883 -0.641013 -0.779662 -1.14136 -1.10245 -1.05777 -1.37716 -1.40666 -0.0301525 0.628129 0.522317 -0.311696 0.554332 0.487997 0.973336 1.40469 1.27073 0.0464602 -0.403552 -0.900225 -8.03965e-18 0.0265149 0.0646624 0.393555 1.28506 1.37241 -0.92093 0.664858 -0.256911 0.720065 0.458901 0.927816 -1.11276 -0.204708 1.09184 1.37714 -0.450169 -0.114892 -0.39357 0.238391 0.0141617 0.388849 -0.585208 0.67711 -0.680183 0.667397 1.1294 0.661437 1.26541 0.794068 -0.67169 -1.01817 -1.42212 
-0.733918 -0.449546 -0.701504 -0.0787141 -0.210271 0.20893 119.057 -1.03125 -0.0957713 -0.233077 -0.82266 -0.713149 -0.945076 -1.2885 -1.41019 -1.1294 -1.4799 -1.66801 0.109374 0.70089 0.727747 -0.181076 0.595219 0.648381 1.53041 1.64428 1.50498 0.347874 -0.223071 -0.70335 -8.03965e-18 0.0265149 0.0880044 1.59465 1.68363 1.7506 -0.985509 0.664858 -0.343428 0.720065 0.860998 1.47022 -0.943127 0.0723868 1.4171 1.61414 -0.301029 0.0564869 -0.386083 0.238391 -0.00110184 0.388849 -0.595942 0.67711 -0.658586 0.667397 1.14543 0.661437 1.30112 0.794068 -0.67169 -1.01817 -1.46357 
-0.839087 -0.719742 -0.878486 -0.176602 0.00232213 1.16629 149.973 -1.03125 0.371593 -0.0840677 -0.766344 -0.769173 -0.783422 -1.35213 -1.73594 -0.917681 -1.51583 -1.97169 1.03166 0.847485 0.972973 0.787395 0.727355 0.827883 2.27621 1.81851 1.68377 0.473236 -0.146482 -0.634332 -8.03965e-18 0.0265149 0.0880044 2.67563 2.07476 2.12187 -1.07586 0.664858 -0.438688 0.720065 1.40625 2.19637 -0.693242 0.361856 1.75916 1.7865 0.0257495 0.540265 -0.393262 0.238391 -0.0741149 0.388849 -0.584455 0.67711 -0.640733 0.667397 1.17658 0.661437 1.31816 0.794068 -0.67169 -1.01817 -1.46357 
-0.998025 -1.23131 -1.2496 0.187508 -0.000448538 1.46092 152.572 -1.03125 1.30632 -0.0624829 -0.633434 -0.731868 -0.866136 -1.29818 -1.82331 -0.993965 -1.4776 -2.12481 1.18641 1.09249 1.19423 1.014 0.922549 1.03172 2.34358 1.97144 1.8653 0.33581 -0.143865 -0.632844 -8.03965e-18 0.0265149 0.0880044 3.15607 2.33551 2.42857 -1.21527 0.664858 -0.562255 0.720065 1.94636 2.26196 -0.364923 0.662468 2.11371 1.93779 0.555055 1.12129 -0.347569 0.238391 -0.0854363 0.388849 -0.57365 0.67711 -0.662261 0.667397 1.20794 0.661437 1.33324 0.794068 -0.67169 -1.01817 -1.46357 
-1.17594 -2.12978 -2.41442 0.156965 -0.323789 1.27234 153.469 -1.03125 2.00737 0.0378047 -0.224176 -0.524514 -0.651959 -0.809359 -1.38609 -0.724948 -0.982352 -1.67696 1.50947 1.49762 1.54049 1.39803 1.32403 1.43911 2.62666 2.32578 2.24644 0.173325 -0.146771 -0.646256 -8.03965e-18 0.0265149 0.0880044 3.07599 2.57887 2.60614 -1.44003 0.664858 -0.633314 0.720065 2.52556 2.53758 0.0397562 0.972827 2.51181 2.28831 1.25015 1.6363 -0.30779 0.238391 -0.131786 0.388849 -0.595287 0.67711 -0.680609 0.667397 1.23866 0.674897 1.34751 0.794068 -0.67169 -1.01817 -1.46357 
-1.22409 -2.54122 -2.89268 0.060828 -0.369578 2.42922 154.1 -1.03125 2.24105 0.320442 0.334964 -0.155481 0.261916 0.208106 -0.283991 0.290819 0.112289 -0.448239 2.20982 2.30641 2.30779 2.27965 2.23315 2.29112 3.0083 2.74642 2.68568 -0.00365852 -0.16048 -0.669419 -8.03965e-18 0.0265149 0.0880044 2.94588 3.03953 2.92091 -1.69775 0.664858 -0.674029 0.720065 3.16164 2.90918 0.570917 1.476 2.96152 2.70442 2.23186 2.5179 -0.282782 0.238391 -0.172255 0.388849 -0.620655 0.67711 -0.694932 0.667397 1.26864 0.684537 1.36106 0.794068 -0.67169 -1.01817 -1.46357 
-1.13612 -1.8758 -1.90311 0.350389 0.212852 3.45206 152.396 -1.03125 3.64314 0.965653 1.03843 0.717912 1.83328 1.68381 1.65351 1.73293 1.45785 1.27489 4.30437 4.5354 4.47908 4.52026 4.53411 4.48173 3.56541 3.38786 3.36218 -0.171903 -0.162103 -0.676184 -8.03965e-18 0.0265149 0.0880044 2.37536 2.9613 2.86441 -1.88234 0.664858 -0.727369 0.720065 3.88633 3.45161 1.41637 2.68077 3.49386 3.33894 3.5897 3.70425 -0.218853 0.238391 -0.166113 0.388849 -0.589337 0.67711 -0.703584 0.667397 1.29681 0.684537 1.37727 0.794068 -0.67169 -1.01817 -1.46357 
-0.0752927 0.265633 -0.0832295 6.44965 6.50159 5.69191 152.548 -1.03125 3.87682 1.04596 1.08005 0.825623 2.12791 1.8167 1.8809 1.98188 1.61326 1.51245 4.2434 4.4942 4.42454 4.46034 4.52805 4.45388 2.97692 3.11165 3.18122 -0.309763 -0.174132 -0.68121 -8.03965e-18 0.0265149 0.0880044 1.41448 2.62233 2.58999 -1.88234 0.664858 -0.801996 0.720065 3.88633 3.45161 3.34386 6.76497 3.49386 3.33894 5.5463 5.6036 -0.218853 0.238391 -0.172002 0.388849 -0.589337 0.67711 -0.694325 0.667397 1.29681 0.684537 1.40879 0.794068 -0.67169 -1.01817 -1.46357 
