45 63
-0.197517 0.179236 0.251936 -1.15265 -1.15601 -0.234971 0 -0.593059 -0.162393 -0.631565 -0.87158 -1.08802 -0.345533 -0.636579 -0.942845 -0.438117 -0.692803 -0.991484 0.410732 -0.508012 -1.00543 0.538769 -0.389553 -0.910119 -0.885035 -1.11235 -1.36404 -0.477098 -0.708909 -0.482879 0.0980152 0.890622 1.57692 0.415233 -0.166087 -0.426722 1.53232 -1.22149 1.30682 -1.05548 -0.920242 -1.24955 -0.561595 -0.81751 -1.13396 -1.37363 -0.73951 -0.881782 -1.86541 -1.7471 -1.61526 -1.49018 -1.94698 -1.82644 -1.65379 -1.51364 -1.29003 -1.58699 -1.04399 -1.235 -0.667257 0.214412 0.991007 
0.0155718 0.481931 0.437456 -0.465182 -0.40694 -0.528494 0 -0.593059 -0.724524 -0.742 -0.954239 -1.1472 -0.442999 -0.72974 -1.02364 -0.536209 -0.784356 -1.0725 0.337643 -0.617816 -1.07175 0.486733 -0.493586 -0.984333 -1.00566 -1.15883 -1.39823 -0.477098 -0.675432 -0.293407 0.294046 1.1039 1.67325 0.415233 -0.166087 -0.426722 2.05271 -0.678615 1.30682 -1.05548 -1.05011 -1.24955 -0.561595 -0.81751 -1.17943 -1.37363 -0.73951 -0.881782 -0.644375 -0.926362 -1.61526 -1.49018 -0.603429 -0.924089 -1.65379 -1.51364 -1.29003 -1.58699 -1.04399 -1.235 -0.415989 0.516755 1.13987 
-0.246776 0.123381 0.17739 -0.910383 -0.827384 -0.283511 0 -0.593059 -0.724524 -1.09184 -1.17202 -1.32133 -0.845887 -1.00098 -1.26472 -0.834645 -0.990419 -1.25742 -0.868774 -1.45797 -1.74313 -0.858486 -1.39132 -1.71895 -0.867686 -1.06192 -1.27748 -0.477098 -0.582199 -0.103459 0.588091 1.31718 1.73747 -0.290768 -0.564507 -0.849531 1.81523 -0.678615 1.30682 -1.05548 -0.99437 -1.23601 -0.561595 -0.81751 -1.13138 -1.33058 -0.73951 -0.881782 -0.764523 -0.926362 -1.61526 -1.49018 -0.658322 -0.924089 -1.65379 -1.51364 -1.29003 -1.58699 -1.04399 -1.235 -0.0390862 0.819097 1.23911 
-0.321898 0.0574928 0.0266374 -0.444422 -0.399318 -0.528927 0 -0.593059 -0.724524 -1.10601 -1.16648 -1.30606 -0.904743 -1.042 -1.29823 -0.928499 -1.05278 -1.30804 -0.804126 -1.42144 -1.71509 -0.824276 -1.39424 -1.73458 -1.11913 -1.1891 -1.36056 -0.477098 -0.428664 0.0866413 0.980152 1.53046 1.76958 -0.526101 -0.730515 -0.990467 1.63985 -0.678615 1.30682 -1.05548 -1.10185 -1.23601 -0.561595 -0.81751 -1.16957 -1.33058 -0.73951 -0.881782 -0.410792 -0.901577 -1.61526 -1.49018 -0.301876 -0.914908 -1.65379 -1.51364 -1.29003 -1.58699 -1.04399 -1.235 0.46345 1.12144 1.28874 
-0.379145 -0.0426682 -0.0503017 -0.546871 -0.450017 -0.581555 0 -0.593059 -0.724524 -1.15495 -1.17195 -1.29303 -1.06747 -1.12925 -1.33791 -1.05453 -1.12011 -1.33362 -1.35998 -1.73188 -1.95562 -1.37661 -1.73083 -1.98358 -1.20394 -1.19475 -1.34054 -0.477098 -0.214605 0.276673 1.47023 1.74374 1.76958 -0.643768 -0.813519 -1.06094 1.46575 -0.678615 1.30682 -1.05548 -1.20286 -1.23601 -0.561595 -0.81751 -1.1947 -1.33058 -0.73951 -0.881782 -0.271338 -0.901577 -1.61526 -1.49018 -0.124382 -0.914908 -1.65379 -1.51364 -1.29003 -1.58699 -1.04399 -1.235 1.09162 1.42378 1.28874 
-0.34158 -0.00457395 0.0311598 -0.784884 -0.773149 -0.617497 0 -0.0593059 -0.724524 -1.19358 -1.17989 -1.28343 -1.15548 -1.18081 -1.35585 -1.14563 -1.17069 -1.34815 -1.51425 -1.83433 -1.95172 -1.53348 -1.85909 -1.99584 -1.21013 -1.17662 -1.31626 -0.477098 0.0600259 0.466597 1.86229 1.87171 1.73747 -0.714368 -0.863322 -1.10322 1.37151 -0.678615 1.30682 -1.05548 -1.27243 -1.23601 -0.561595 -0.81751 -1.20553 -1.33058 -0.73951 -0.881782 -0.319284 -0.901577 -1.61526 -1.49018 -0.199244 -0.914908 -1.65379 -1.51364 -1.29003 -1.58699 -1.04399 -1.235 1.59416 1.60519 1.23911 
-0.247377 0.173419 0.122711 -0.610602 -0.518024 -0.85643 0 0.474447 -0.724524 -1.27599 -1.22251 -1.29735 -1.28725 -1.25994 -1.38693 -1.2604 -1.25445 -1.38409 -1.89691 -1.89086 -1.79264 -1.90956 -1.92246 -1.83034 -1.08437 -1.15375 -1.27386 -0.392606 0.361802 0.656289 2.05832 1.84327 1.59298 -0.996769 -0.896523 -1.1314 1.39162 -0.678615 1.78066 -0.413465 -1.28343 -1.23601 -0.561595 -0.81751 -1.20688 -1.33058 -0.73951 -0.881782 -0.265089 -0.901577 -0.252097 -0.587364 -0.121975 -0.914908 -0.195183 -0.563982 -1.29003 -1.58699 -1.04399 -1.235 1.84543 1.56487 1.01582 
-0.547029 -0.395161 -0.316403 -1.59206 -1.82643 -0.642218 0 1.0082 -0.724524 -1.25946 -1.27103 -1.31945 -1.38432 -1.39449 -1.44541 -1.35328 -1.37705 -1.43408 -1.82643 -1.88323 -1.56759 -1.78184 -1.91575 -1.59999 -1.08895 -1.11179 -1.20506 -0.157297 0.664335 0.845755 2.05832 1.6889 1.3705 -0.714368 -0.920239 -1.15154 1.16234 -0.678615 1.56442 -0.413465 -1.29292 -1.23601 -0.561595 -0.81751 -1.19763 -1.33058 -0.73951 -0.881782 -0.660245 -0.901577 -0.386231 -0.587364 -0.650717 -0.914908 -0.254777 -0.563982 -1.29003 -1.58699 -1.04399 -1.235 1.84543 1.34604 0.672011 
-0.615313 -0.474143 -0.553356 -0.484909 -0.4028 -1.04879 0 1.54195 -0.724524 -1.21128 -1.25884 -1.28623 -1.39725 -1.43542 -1.40935 -1.38429 -1.43168 -1.40585 -1.54334 -1.70366 -1.2849 -1.3909 -1.69785 -1.27643 -1.01636 -1.10478 -1.15526 0.23021 0.96711 1.03493 1.86229 1.42382 1.08725 -0.714368 -0.938025 -1.16664 0.953829 -0.678615 1.40474 -0.413465 -1.28293 -1.23601 -0.561595 -0.81751 -1.18891 -1.33058 -0.73951 -0.881782 -0.530598 -0.901577 0.00867656 -0.5601 -0.49453 -0.914908 0.132194 -0.554319 -1.29003 -1.58699 -1.04399 -1.235 1.59416 0.970268 0.234277 
-0.7194 -0.812769 -0.782566 -1.15492 -1.1323 -1.03702 0 2.07571 -0.724524 -1.14985 -1.2305 -1.23719 -1.41622 -1.44096 -1.34177 -1.38681 -1.42911 -1.32904 -1.4828 -1.76204 -1.23771 -1.40908 -1.7803 -1.23282 -0.839538 -1.02661 -1.04403 0.770471 1.26978 1.22379 1.47023 1.05651 0.752778 -0.714368 -0.951859 -1.17838 0.670591 -0.678615 1.24621 -0.413465 -1.23687 -1.21405 -0.561595 -0.81751 -1.16664 -1.30044 -0.73951 -0.881782 -0.664888 -0.901577 0.164363 -0.5601 -0.631269 -0.914908 0.324888 -0.554319 -1.29003 -1.58699 -1.04399 -1.235 1.09162 0.449567 -0.282615 
-0.62507 -0.536343 -0.534816 -0.89555 -0.86062 -0.821924 0 2.07571 -0.724524 -1.07305 -1.19862 -1.18374 -1.32391 -1.41073 -1.25619 -1.3084 -1.39914 -1.24524 -1.17702 -1.53583 -1.13151 -1.12345 -1.56393 -1.12 -0.681914 -0.974701 -0.938855 1.46361 1.57227 1.41232 0.882137 0.677342 0.404925 -0.714368 -0.962927 -1.18778 0.525255 -0.678615 1.1604 -0.413465 -1.16832 -1.09106 -0.561595 -0.81751 -1.13918 -1.25613 -0.73951 -0.881782 -0.691001 -0.901577 0.110836 -0.5601 -0.654547 -0.914908 0.243615 -0.554319 -1.29003 -1.58699 -1.04399 -1.235 0.337816 -0.0879299 -0.820182 
-0.587652 -0.427488 -0.466316 -1.00419 -0.938018 -0.897069 22.8296 2.07571 -0.724524 -1.02263 -1.15772 -1.16072 -1.29671 -1.37138 -1.22813 -1.27752 -1.35618 -1.21626 -1.13089 -1.27667 -1.00765 -1.13503 -1.31983 -0.979555 -0.639077 -0.882798 -0.866024 2.14077 1.84092 1.57948 0.294046 0.250782 0.0911273 -0.714368 -1.06253 -1.19547 0.435332 -0.678615 1.17872 -0.413465 -1.10351 -1.05764 -0.721726 -0.81751 -1.10132 -1.17768 -0.793905 -0.881782 -0.744922 -0.901577 0.17134 -0.5601 -0.697083 -0.914908 0.327501 -0.554319 -1.25581 -1.33674 -1.04399 -1.235 -0.415989 -0.692614 -1.07957 
-0.770627 -1.01095 -0.929171 -1.59726 -1.66486 -0.982607 63.5801 2.07571 -1.28665 -0.935841 -1.08427 -1.12483 -1.30877 -1.30663 -1.16894 -1.2904 -1.29323 -1.15635 -0.83495 -0.733544 -0.778547 -0.89703 -0.793041 -0.736797 -0.583536 -0.783972 -0.776379 2.58453 2.01598 1.68252 -0.294046 -0.175777 -0.197129 -0.996769 -1.16214 -1.31462 0.204923 -0.678615 0.96994 -0.413465 -1.03948 -1.0143 -0.652995 -0.802133 -1.0544 -1.09332 -0.736423 -0.83714 -0.952603 -0.901577 -0.269814 -0.5601 -0.933641 -0.914908 -0.246521 -0.554319 -1.17049 -0.890063 -1.04399 -1.235 -0.415989 -0.692614 -0.634101 
-0.80084 -1.03361 -1.14666 -0.603334 -0.567278 -1.21014 104.704 2.07571 -0.724524 -0.884924 -1.00556 -0.997483 -1.2744 -1.17364 -0.998892 -1.26133 -1.15978 -0.98658 -0.888895 -0.424984 -0.539049 -1.06504 -0.480476 -0.501803 -0.435274 -0.620789 -0.666331 2.72589 2.07051 1.70814 -0.882137 -0.602337 -0.465737 -0.714368 -1.06253 -1.15959 0.00186456 -0.678615 0.780085 -0.413465 -0.961787 -0.898622 -0.785523 -0.802133 -0.991381 -0.954018 -0.78211 -0.83714 -0.878424 -0.901577 -0.125075 -0.5601 -0.85517 -0.914908 -0.0769579 -0.554319 -1.04453 -0.439294 -1.04399 -1.235 0.337816 -0.0879299 -0.218997 
-0.866545 -1.40445 -1.37065 -1.07496 -1.17459 -1.07619 145.978 2.07571 -0.724524 -0.813322 -0.908569 -0.845811 -1.11937 -0.97832 -0.803941 -1.10634 -0.957513 -0.784736 -0.830161 -0.216513 -0.371702 -0.961407 -0.237324 -0.371912 -0.343797 -0.450786 -0.519347 2.56202 2.00372 1.66433 -1.47023 -1.0289 -0.718908 -0.714368 -1.06253 -0.990467 -0.259123 -0.678615 0.522185 -0.413465 -0.881324 -0.827248 -0.91007 -0.802133 -0.914588 -0.808898 -0.812166 -0.83714 -0.925826 -0.901577 -0.274997 -0.5601 -0.9324 -0.914908 -0.225407 -0.554319 -0.885885 0.0131273 -1.04399 -1.235 1.09162 0.516755 0.17225 
-0.782469 -1.01424 -1.0155 -0.895207 -0.933147 -0.848878 187.285 1.54195 -0.724524 -0.755387 -0.807398 -0.75739 -0.948505 -0.769402 -0.651549 -0.929347 -0.752521 -0.638055 -0.502432 -0.0425269 -0.184681 -0.568748 -0.00161188 -0.204709 -0.331975 -0.292168 -0.382375 2.09208 1.8153 1.55721 -1.86229 -1.4128 -0.92762 -0.714368 -1.06253 -0.877718 -0.403633 -0.678615 0.389851 -0.413465 -0.809327 -0.818023 -0.995843 -0.802133 -0.827996 -0.673497 -0.825131 -0.83714 -0.927393 -0.901577 -0.30415 -0.5601 -0.945844 -0.914908 -0.250679 -0.554319 -0.70064 0.465914 -1.04399 -1.235 1.59416 1.06097 0.494791 
-0.751095 -0.873157 -0.933193 -1.02308 -1.0502 -0.985041 205.796 1.0082 -0.724524 -0.674862 -0.733249 -0.697621 -0.761426 -0.637047 -0.552863 -0.747054 -0.614361 -0.530763 0.275502 0.173574 -0.039518 0.239857 0.271097 -0.0460703 -0.237507 -0.161221 -0.206211 1.39983 1.5386 1.38246 -2.05832 -1.66874 -1.15239 -0.714368 -1.06253 -0.708594 -0.502607 -0.678615 0.307972 -0.413465 -0.733836 -0.744314 -1.00941 -0.802133 -0.73652 -0.561716 -0.826743 -0.83714 -0.955497 -0.901577 -0.364348 -0.5601 -0.982407 -0.914908 -0.296857 -0.554319 -0.517605 0.668824 -1.00861 -1.00343 1.84543 1.42378 0.842142 
-0.904244 -1.65004 -1.55953 -1.40203 -1.57679 -0.872256 206.313 0.474447 -0.724524 -0.578334 -0.617077 -0.56038 -0.506347 -0.40286 -0.341266 -0.493092 -0.386215 -0.32532 1.25597 0.564053 0.251304 1.2621 0.735435 0.299029 -0.0930192 -0.0464377 0.000587513 0.72073 1.2335 1.19024 -2.05832 -1.7967 -1.31293 -0.714368 -0.962927 -0.595845 -0.738985 -0.678615 0.0981759 -0.413465 -0.649448 -0.631578 -1.02111 -0.802133 -0.64273 -0.463733 -0.815675 -0.83714 -1.05526 -0.901577 -0.596204 -0.5601 -1.11985 -0.914908 -0.553673 -0.554319 -0.354392 0.674486 -0.92035 -0.590089 1.84543 1.60519 1.09025 
-0.903203 -1.54061 -1.66614 -0.715856 -0.764368 -1.14747 206.478 -0.0593059 -0.724524 -0.457987 -0.386466 -0.291566 -0.0924927 -0.0331617 -0.0491831 -0.06907 -0.00919014 -0.0287305 1.63046 0.780023 0.496686 1.66831 0.930376 0.607503 0.062217 0.114987 0.236333 0.188758 0.926884 0.996926 -1.86229 -1.7967 -1.40926 -0.996769 -0.763717 -0.483096 -0.930678 -0.678615 -0.0867175 -0.413465 -0.556351 -0.510455 -1.00879 -0.802133 -0.542188 -0.325936 -0.805243 -0.83714 -1.01624 -0.901577 -0.51339 -0.5601 -1.08944 -0.914908 -0.468482 -0.554319 -0.208203 0.676297 -0.790061 -0.172964 1.59416 1.60519 1.23911 
-0.881586 -1.47318 -1.46663 -1.07653 -1.11784 -0.988857 206.403 -0.593059 -0.724524 -0.31255 -0.130238 -0.0266297 0.347041 0.327344 0.229242 0.379369 0.356303 0.254886 2.12227 1.17797 0.764602 2.23682 1.27491 0.89015 0.252392 0.294634 0.494799 -0.19261 0.619781 0.803614 -1.47023 -1.66874 -1.44137 -0.996769 -0.464902 -0.370347 -1.09161 -0.678615 -0.324358 -0.413465 -0.452088 -0.36207 -0.951993 -0.777185 -0.434125 -0.172583 -0.778599 -0.805881 -1.04518 -0.901577 -0.566309 -0.5601 -1.12547 -0.914908 -0.552326 -0.554319 -0.0766999 0.676297 -0.62596 0.245689 1.09162 1.42378 1.28874 
-0.791668 -1.06508 -1.03566 -0.163177 -0.137201 -0.855909 206.287 -0.593059 -0.724524 -0.196987 -0.00604719 0.121661 0.598903 0.545408 0.435495 0.634734 0.567176 0.456252 1.91897 1.29258 0.929869 2.06164 1.3368 1.06052 0.503626 0.476935 0.685233 -0.421872 0.312689 0.610635 -0.980152 -1.45546 -1.44137 -0.996769 -0.265692 -0.144849 -1.17039 -0.678615 -0.45594 -0.413465 -0.331996 -0.166046 -0.867477 -0.637476 -0.319368 -0.0169646 -0.745753 -0.759931 -0.916861 -0.565809 -0.568059 -0.5601 -0.990555 -0.599155 -0.566921 -0.554319 0.0421795 0.676297 -0.434347 0.66468 0.46345 1.12144 1.28874 
-0.716764 -0.75888 -0.828947 0.525073 0.603455 -0.755177 206.035 -0.593059 -0.724524 -0.165448 0.0380186 0.216636 0.668068 0.635168 0.572262 0.707385 0.66283 0.599751 1.25066 1.12921 0.867803 1.49135 1.18417 1.00659 0.718546 0.671511 0.837396 -0.498285 0.00614127 0.418343 -0.588091 -1.24218 -1.40926 -0.996769 -0.0664823 0.0806491 -1.19416 -0.678615 -0.54606 -0.413465 -0.201786 0.00164631 -0.78757 -0.599507 -0.197738 0.149132 -0.700454 -0.678577 -0.689081 0.255867 -0.599435 -0.5601 -0.747137 0.293057 -0.606615 -0.554319 0.150046 0.676297 -0.24502 0.852446 -0.0390862 0.819097 1.23911 
-0.83785 -1.2883 -1.21152 0.52987 0.493282 -0.56743 205.79 -0.593059 -0.724524 -0.0632449 0.185173 0.378963 0.909273 0.856806 0.768 0.93925 0.877541 0.789199 0.257649 0.808826 0.791501 0.608114 0.936646 0.939378 0.809404 0.905894 0.974229 -0.505629 -0.266125 0.226972 -0.294046 -1.0289 -1.34504 -0.714368 0.132727 0.306147 -1.29501 -0.678615 -0.761291 -0.413465 -0.0743926 0.0725381 -0.708614 -0.55028 -0.0667442 0.349209 -0.644329 -0.591094 -0.480366 0.261594 -0.710814 -0.5601 -0.542069 0.293057 -0.755828 -0.554319 0.24834 0.676297 -0.0761964 0.857685 -0.415989 0.516755 1.13987 
-0.75027 -0.869712 -0.935939 0.224464 0.190867 -0.615101 205.473 -0.593059 -0.724524 0.401425 0.56051 0.664355 1.32673 1.13668 0.982223 1.37571 1.1645 1.00548 -0.557584 0.504281 0.702718 -0.225934 0.703734 0.832746 0.887739 1.10921 1.10208 -0.510281 -0.478538 0.0372275 -0.0980152 -0.815617 -1.24872 -0.149568 0.232332 0.531645 -1.32748 -0.678615 -0.935836 -0.413465 0.0494126 0.133659 -0.61282 -0.418869 0.0699089 0.522762 -0.568937 -0.446641 -0.334248 0.261594 -0.667247 -0.5601 -0.399291 0.293057 -0.722814 -0.554319 0.338206 0.676297 0.0750183 0.859361 -0.667257 0.214412 0.991007 
-0.637662 -0.588904 -0.54721 -0.210523 -0.101278 -0.409182 205.133 -0.593059 -0.724524 0.899165 0.910789 0.890768 1.61028 1.34398 1.14051 1.63924 1.36458 1.15887 -0.599712 0.563044 0.850081 -0.495076 0.764493 0.932948 0.966452 1.31838 1.22814 -0.512781 -0.629557 -0.151272 -9.44607e-18 -0.602337 -1.12028 0.697633 0.431542 0.813518 -1.31873 -0.678615 -1.08237 -0.413465 0.170093 0.195075 -0.513609 -0.33779 0.212001 0.70132 -0.477068 -0.296152 -0.261627 0.261594 -0.699554 -0.5601 -0.309855 0.293057 -0.761929 -0.554319 0.420639 0.676297 0.211042 0.859361 -0.792891 -0.0879299 0.79252 
-0.531549 -0.336587 -0.312254 -0.569227 -0.454431 -0.0855838 204.767 -0.593059 -0.724524 0.999996 1.03816 0.982273 1.56464 1.39365 1.20832 1.5628 1.4095 1.22236 -0.508706 0.64497 0.982977 -0.667902 0.774846 0.990489 1.01939 1.4065 1.3185 -0.513625 -0.718768 -0.338495 -9.44607e-18 -0.389057 -0.95973 1.26243 0.829962 1.03902 -1.27729 -0.678615 -1.15411 -0.413465 0.285874 0.236381 -0.424837 -0.327311 0.349795 0.776542 -0.373476 -0.15574 -0.243601 0.261594 -0.556302 -0.190755 -0.276024 0.293057 -0.615461 -0.222012 0.496477 0.676297 0.334008 0.859361 -0.792891 -0.390272 0.544412 
-0.650869 -0.590794 -0.615998 -0.0726024 0.181959 -0.177934 204.391 -0.593059 -0.724524 0.928164 1.10167 1.04016 1.39117 1.43336 1.2672 1.40917 1.45454 1.28234 -0.0392219 0.720612 1.1028 -0.347971 0.79663 1.06507 1.07882 1.46367 1.3971 -0.512141 -0.745764 -0.52461 -9.44607e-18 -0.218433 -0.799182 1.82723 1.22838 1.26451 -1.27129 -0.678615 -1.17575 -0.413465 0.397819 0.282748 -0.331755 -0.24358 0.481525 0.825343 -0.264041 -0.0398235 -0.161571 0.261594 -0.302006 0.713088 -0.160147 0.293057 -0.351198 0.716977 0.566447 0.676297 0.445583 0.859361 -0.792891 -0.632146 0.296304 
-0.560171 -0.410527 -0.363282 0.102283 0.261441 -0.0905646 204.044 -0.593059 -0.162393 1.18066 1.27371 1.16253 1.63959 1.55533 1.3703 1.626 1.56474 1.37836 0.454252 0.714691 1.15136 0.0882567 0.706249 1.07723 1.42701 1.54498 1.45008 -0.508724 -0.743817 -0.688722 -9.44607e-18 -0.0904652 -0.638634 2.10964 1.5272 1.43364 -1.24359 -0.678615 -1.26757 -0.413465 0.528543 0.554423 -0.227705 -0.115515 0.609528 0.894754 -0.151838 0.0617851 -0.0632132 0.261594 -0.0689967 0.719388 -0.0423648 0.293057 -0.128568 0.716977 0.631196 0.676297 0.547256 0.859361 -0.792891 -0.813551 0.048196 
0.422515 0.813429 0.812553 0.53434 0.480434 -0.0973184 203.692 -0.593059 0.399737 1.69364 1.5326 1.3073 1.60603 1.53251 1.39221 1.61155 1.54642 1.40037 0.83114 0.625242 1.11237 0.515197 0.56279 1.02815 1.80695 1.60587 1.46245 -0.505467 -0.738322 -0.814454 -9.44607e-18 -0.00515332 -0.478087 1.82723 1.6268 1.49001 -1.07267 -0.0840854 -1.29714 -0.413465 0.678462 0.850877 -0.112915 0.022077 0.732812 0.946734 -0.031558 0.204681 0.0812849 0.266931 0.0941301 0.719388 0.0943837 0.293057 0.0264363 0.716977 0.691262 0.676297 0.640211 0.859361 -0.792891 -0.934488 -0.199912 
0.700404 0.97954 1.02856 0.645976 0.279401 0.337175 203.453 -0.593059 0.961868 1.73394 1.551 1.29302 1.26987 1.36213 1.31401 1.25676 1.3598 1.31106 0.805949 0.593113 1.12852 0.701665 0.530804 1.09446 2.17104 1.64634 1.44486 -0.500867 -0.730697 -0.925529 -9.44607e-18 0.0375026 -0.317539 0.980034 1.6268 1.43364 -0.894115 0.213826 -1.28918 -0.413465 0.844519 1.13495 0.0156405 0.190637 0.850516 0.981278 0.0977201 0.363708 0.229369 0.400209 0.175204 0.719388 0.197977 0.293057 0.123531 0.716977 0.74718 0.676297 0.725477 0.859361 -0.792891 -0.994957 -0.44802 
-0.0475441 0.403206 0.361913 0.477847 0.193188 0.638008 203.269 -0.593059 0.399737 1.45522 1.44153 1.26327 0.95148 1.17455 1.21338 0.950378 1.1714 1.21284 0.485805 0.449033 1.00648 0.74751 0.429905 1.0408 2.13274 1.61923 1.39219 -0.495325 -0.721562 -0.978549 -9.44607e-18 0.0375026 -0.156992 0.697633 1.5272 1.3531 -0.791001 0.213826 -1.25144 -0.413465 0.997203 1.13495 0.163715 0.413315 0.958915 0.981278 0.235007 0.525085 0.348633 0.400209 0.195329 0.719388 0.284911 0.293057 0.16026 0.716977 0.799383 0.676297 0.803923 0.859361 -0.792891 -0.994957 -0.696128 
-0.561783 -0.411397 -0.385537 0.455453 0.54771 0.753943 203.272 -0.593059 0.399737 1.51455 1.44293 1.35757 0.997654 1.12738 1.2328 1.02618 1.1318 1.2327 0.0446021 0.482684 0.941566 0.549153 0.499739 0.9953 1.97134 1.53857 1.33216 -0.489073 -0.711658 -0.993387 -9.44607e-18 0.0375026 -0.0285537 0.697633 1.5272 1.34257 -0.78186 0.213826 -1.24598 -0.413465 1.12948 1.13495 0.324265 0.603808 1.05561 0.981278 0.380516 0.697327 0.457957 0.400209 0.286908 0.719388 0.406154 0.293057 0.286059 0.716977 0.848326 0.676297 0.876298 0.859361 -0.792891 -0.994957 -0.894615 
0.106933 0.5439 0.545383 0.486445 0.771189 1.43325 203.323 -0.593059 0.399737 1.76635 1.53884 1.45465 1.1048 1.15442 1.25532 1.10906 1.14423 1.2497 0.0492248 0.691596 0.875892 0.500097 0.650846 0.87724 1.60212 1.33604 1.19824 -0.482549 -0.701694 -0.991265 -9.44607e-18 0.0375026 0.0677749 0.697633 1.5272 1.34908 -0.673738 0.213826 -1.22075 -0.413465 1.22965 1.13495 0.481341 0.684338 1.13443 0.981278 0.537226 0.904807 0.563991 0.400209 0.396715 0.719388 0.544341 0.495115 0.413928 0.716977 0.89433 0.676297 0.943273 0.859361 -0.792891 -0.994957 -1.04348 
1.92161 1.58497 1.61444 0.856627 1.16001 1.41245 202.827 -0.593059 0.399737 1.79458 1.48977 1.31756 0.880759 0.98685 1.09903 0.892392 0.980074 1.09746 0.229545 0.914198 0.721492 0.461008 0.757298 0.623528 0.951416 1.02671 1.02334 -0.471205 -0.691089 -0.988128 -9.44607e-18 0.0375026 0.131994 0.980034 1.6268 1.37726 -0.466694 1.29965 -1.06513 0.289644 1.28272 1.13495 0.633994 0.75377 1.19082 0.981278 0.700708 1.08478 0.702465 0.651697 0.558033 0.725258 0.715424 0.963499 0.562387 0.716977 0.937365 0.676297 1.0054 0.859361 -0.792891 -0.994957 -1.14272 
1.96915 1.59863 1.63863 0.905733 0.967037 1.84474 202.915 -0.593059 0.399737 1.24531 1.09209 1.02316 0.659673 0.726834 0.880879 0.650729 0.705326 0.868013 0.486093 0.991939 0.60992 0.327177 0.75057 0.455516 0.345853 0.691661 0.780394 -0.45708 -0.718177 -0.984428 -9.44607e-18 0.0375026 0.164103 1.82723 1.6268 1.43364 -0.27014 1.32415 -0.902544 0.641965 1.29551 1.13495 0.782793 0.823537 1.22525 0.981278 0.870696 1.26995 0.838009 0.710323 0.723354 0.871865 0.856952 0.963499 0.674852 0.716977 0.977987 0.676297 1.06324 0.859361 -0.792891 -0.994957 -1.19234 
0.626873 0.963824 0.954591 0.697374 0.671735 1.28026 203.085 -0.593059 1.524 0.758097 0.828827 0.882486 0.483339 0.530472 0.721942 0.473903 0.511282 0.708426 0.755465 0.916933 0.507665 0.19413 0.680286 0.33777 -0.0362645 0.416167 0.575999 -0.442277 -0.714761 -0.981063 -9.44607e-18 0.0375026 0.164103 2.10964 1.44973 1.33968 -0.145135 1.32415 -0.808654 0.641965 1.28473 1.13495 0.925552 0.870459 1.24279 0.981278 1.03554 1.34795 0.945463 0.710323 0.856501 0.871865 0.961191 0.963499 0.769231 0.716977 1.01644 0.676297 1.11724 0.859361 -0.792891 -0.994957 -1.19234 
0.0634848 0.474553 0.531854 0.624689 0.771882 1.03874 203.463 -0.593059 1.524 0.529047 0.884028 0.953764 0.344744 0.49457 0.685932 0.317028 0.470708 0.667594 0.965276 0.867905 0.588306 0.186714 0.608894 0.376261 -0.0630429 0.292901 0.459667 -0.428481 -0.712785 -0.978576 -9.44607e-18 0.0375026 0.164103 1.54483 1.07897 1.13767 -0.0723552 1.32415 -0.800331 0.641965 1.27297 1.13495 1.06358 0.92313 1.25287 0.981278 1.19313 1.39856 1.04013 0.710323 0.978551 0.871865 1.06951 0.963499 0.900856 0.716977 1.05299 0.676297 1.16787 0.859361 -0.792891 -0.994957 -1.19234 
0.795572 1.06244 1.04179 1.0237 1.03222 1.3614 203.966 -0.593059 1.524 0.336281 0.917894 1.00487 0.0942007 0.424519 0.646513 0.0528175 0.393468 0.621326 1.09063 0.878448 0.710032 0.294664 0.612326 0.461951 -0.177075 0.144311 0.329651 -0.416649 -0.713107 -0.977793 -9.44607e-18 0.0375026 0.164103 0.980034 0.716128 0.942374 0.0497887 1.32415 -0.701882 0.641965 1.25537 1.13495 1.22476 1.23174 1.25477 0.981278 1.34627 1.47054 1.16712 0.851157 1.09693 0.871865 1.1967 0.963499 1.05088 0.929627 1.08786 0.676297 1.21545 0.859361 -0.792891 -0.994957 -1.19234 
2.65593 1.83024 1.82788 1.59956 1.58631 1.16729 205.171 -0.593059 1.524 -0.0149359 0.482915 0.668193 -0.0850637 0.19465 0.437411 -0.125875 0.170463 0.417523 0.974578 0.698678 0.658273 0.357438 0.439091 0.38012 -0.226906 0.00845294 0.2273 -0.410067 -0.718182 -0.981001 -9.44607e-18 0.0375026 0.164103 0.697633 0.464744 0.757143 0.23336 1.73952 -0.51336 1.92609 1.23592 1.13495 1.40961 1.56851 1.24975 0.981278 1.49375 1.52444 1.34004 1.53866 1.25152 1.1485 1.36833 1.47703 1.23661 1.42257 1.1215 0.676297 1.25997 0.859361 -0.792891 -0.994957 -1.19234 
2.16039 1.67036 1.66509 1.73846 1.36092 1.70825 205.866 -0.593059 2.08613 -0.500406 -0.0362031 0.225199 -0.211605 0.0126741 0.208505 -0.251065 -0.0123472 0.184167 0.692174 0.436196 0.454991 0.411127 0.27962 0.269623 -0.318107 -0.221314 0.0312296 -0.507824 -0.729653 -0.989485 -9.44607e-18 0.0375026 0.164103 -0.149568 0.132727 0.418896 0.39401 1.73952 -0.334388 1.95506 1.21253 1.13495 1.61436 1.89121 1.23374 0.981278 1.63457 1.56026 1.51666 1.70448 1.40284 1.21299 1.51117 1.47703 1.39026 1.42257 1.15377 0.676297 1.30199 0.859361 -0.792891 -0.994957 -1.19234 
0.73556 1.02476 0.99728 1.49308 1.07535 1.74902 206.548 -0.593059 1.524 -0.322511 -0.0677683 0.151585 -0.159297 -0.00947562 0.11625 -0.183645 -0.0276375 0.0964521 0.343644 0.270386 0.272969 0.496348 0.293352 0.300222 -0.440472 -0.512511 -0.232682 -0.539509 -0.749645 -1.00565 -9.44607e-18 0.0375026 0.164103 -0.926169 -0.0166799 0.179304 0.492681 1.73952 -0.220567 1.95506 1.18386 1.13495 1.80262 1.89121 1.20462 0.981278 1.76425 1.56026 1.66339 1.70448 1.52281 1.21299 1.62205 1.47703 1.50342 1.42257 1.18476 0.677057 1.34176 0.859361 -0.792891 -0.994957 -1.19234 
0.192528 0.596472 0.621165 1.26167 1.2346 1.60819 207.007 -0.593059 1.524 0.44231 0.353787 0.500671 0.171909 0.154129 0.233501 0.124528 0.116988 0.201967 0.254237 0.315286 0.248141 0.632499 0.392543 0.364023 -0.814182 -0.790599 -0.492949 -0.589762 -0.784121 -1.03523 -9.44607e-18 0.0375026 0.164103 -0.808502 -0.132886 0.0242746 0.551592 1.73952 -0.154298 1.95506 1.1374 1.13495 1.96572 1.89121 1.16393 0.981278 1.87992 1.56026 1.78357 1.70448 1.62849 1.21299 1.74126 1.47703 1.62102 1.42257 1.21447 0.682098 1.37957 0.859361 -0.792891 -0.994957 -1.19234 
0.961859 1.15534 1.1114 1.44234 1.48684 1.33619 207.354 -0.593059 1.524 1.20128 0.781046 0.883952 0.392909 0.219184 0.309643 0.357687 0.184677 0.277344 0.328111 0.470457 0.369114 0.770784 0.554927 0.504904 -1.17608 -1.00282 -0.719754 -0.680969 -0.851479 -1.09592 -9.44607e-18 0.0375026 0.164103 -0.573168 -0.166087 -0.0602872 0.652451 1.73952 -0.0430806 1.95506 1.07497 1.13495 2.08924 1.89121 1.11548 0.981278 1.97422 1.56026 1.91309 1.70448 1.77026 1.36791 1.87596 1.47703 1.7591 1.42257 1.24295 0.685902 1.41564 0.859361 -0.792891 -0.994957 -1.19234 
2.50832 1.78135 1.75091 1.90592 1.98135 0.959971 207.593 -0.593059 2.08613 0.323474 0.136666 0.320939 0.153264 0.0201665 0.0972223 0.122447 -0.0114837 0.0686668 0.134781 0.289573 0.221929 0.464706 0.33686 0.294729 -0.932137 -0.829692 -0.683282 -0.932189 -1.04653 -1.2771 -9.44607e-18 0.0375026 0.164103 -0.714368 -0.863322 -0.65222 0.797644 1.73952 0.124069 2.4463 1.02732 1.13495 2.15467 1.89121 1.07692 0.981278 2.04167 1.56026 2.07414 1.90441 1.96331 2.12416 2.04486 1.9529 1.94543 1.96303 1.27023 0.688515 1.45043 0.859361 -0.792891 -0.994957 -1.19234 
1.7388 1.51508 1.47683 1.91951 1.90183 1.21516 181.796 -0.593059 1.524 0.385472 0.05627 0.159925 0.168708 4.96414e-05 0.0395141 0.146435 -0.0253082 0.0131995 -0.0191938 0.0758174 0.0588776 0.279659 0.175969 0.121569 -0.855876 -0.772636 -0.762443 -0.941152 -1.05352 -1.28069 -9.44607e-18 0.0375026 0.164103 -0.431968 -1.16214 -0.821343 0.797644 1.73952 0.270347 2.4463 1.02732 1.13495 2.17043 1.89121 1.07692 0.981278 2.08286 1.56026 2.07414 1.90441 2.16049 2.30657 2.04486 1.9529 2.1005 1.96303 1.27023 0.688515 1.48381 0.859361 -0.792891 -0.994957 -1.19234 
