10 9
0.43597 0.552316 0.825736 0.0996731 0.245502 -0.318989 0 0 -0.918705 
2.02523 1.57579 1.29219 0.352761 2.13035 -0.319601 0 0 -1.08276 
0.692928 0.761862 0.568728 -0.0913967 -0.157017 -0.320285 0 0 0.229676 
-1.49325 -1.91268 -0.785745 1.60366 -0.44012 -0.32021 0 0 0.229676 
-0.330214 -0.182421 -0.345963 -0.100792 -0.793515 -0.320104 0 0 0.229676 
-0.623222 -0.522002 -0.202431 -0.469484 -0.494709 -0.320052 0 0 2.36238 
-0.888009 -0.869078 -0.375802 0.0414076 -0.968393 -0.320266 0 0 -0.0984327 
0.493037 0.686329 0.922361 -0.802092 -0.863301 -0.320187 0 0 -0.0984327 
-0.614765 -0.512438 0.223419 1.29699 1.27313 -0.286194 0 0 0.229676 
0.30229 0.422321 -2.1225 -1.93073 0.0680717 2.84589 0 0 -1.08276 
