10 9
-0.561678 -0.734553 -0.667335 -0.815797 -0.768161 -0.737823 0 -0.572078 0.5625 
-0.562242 -1.0028 -1.24891 -0.706184 -0.747672 -0.737945 0 -0.572078 1.78125 
-0.561881 -0.806163 -0.797921 -1.11786 -0.740528 -0.737817 0 -0.572078 1.03125 
-0.562294 -1.05009 -1.08424 -0.575303 -0.89848 -0.736632 0 -0.572078 0.9375 
-0.560067 -0.456108 -0.322486 -0.0887278 -0.292621 -0.730449 0 0.858116 -0.28125 
-0.558592 -0.332353 -0.174164 -0.282379 -0.521276 -0.656034 0 2.28831 -0.375 
-0.490016 0.454321 0.519785 0.0335638 0.0717158 0.242321 15.6931 0.858116 -0.84375 
0.668519 1.22198 1.17246 0.0571126 0.454262 1.6242 160.531 -0.572078 -0.9375 
2.41306 1.46126 1.3913 1.58397 1.72893 1.47224 150.25 -0.572078 -0.9375 
0.775189 1.24451 1.21151 1.9116 1.71383 0.997937 75.4688 -0.572078 -0.9375 
