10 9
-0.262884 0.401047 -0.374066 0.57538 0.283263 -0.474656 0 0 1.17619 
-0.306311 -0.0401108 0.420407 0.14391 0.000199123 -0.471643 0 0 0.0470476 
-0.325401 -0.430834 -1.00917 -0.230471 -0.366754 -0.468584 0 0 0.329333 
-0.314851 -0.193684 1.01333 -0.530884 -0.36488 -0.466302 0 0 -1.17619 
-0.322656 -0.339904 -0.209311 -0.593598 -0.405069 -0.47261 0 0 -0.141143 
-0.327833 -0.494933 -0.0897985 -0.61866 -0.5283 -0.472025 0 0 -0.705714 
-0.33574 -0.80745 -1.18466 -0.659753 -0.542188 -0.4753 0 0 -0.893905 
-0.327952 -0.490697 -0.285259 -0.411507 -0.46102 -0.475809 0 0 -0.235238 
-0.321828 -0.299949 -0.486985 -0.298269 -0.366297 1.6833 0 0 -0.517524 
2.84546 2.69652 2.20551 2.62385 2.75105 2.09363 0 0 2.11714 
