21 125
21 110
21 40
21 82
21 72
21 48
101 162 165
21 36
21 33
21 84
21 36
21 31
21 105
21 43
21 43
21 40
21 50
21 39
21 46
21 42
101 206 209
21 88
21 37
21 55
21 104
21 132
21 85
21 132
101 163 166
101 197 200
21 43
21 91
21 43
21 89
21 105
21 82
21 51
21 51
21 43
101 118 121
101 199 202
101 159 162
101 132 135
101 220 223
101 192 195
101 226 229
101 182 185
101 156 159
101 169 172
101 203 206
101 155 158
101 136 139
101 198 201
101 187 190
101 216 219
101 151 154
101 206 209
101 154 157
101 119 122
101 167 170
101 125 128
101 169 172
101 138 141
101 160 163
101 127 130
101 138 141
101 217 220
101 143 146
21 45
21 95
21 41
21 98
21 38
21 79
21 92
21 37
101 163 166
21 51
101 180 183
21 64
101 153 156
21 76
21 166
21 34
21 41
21 44
21 37
101 168 171
101 248 251
101 182 185
101 217 220
101 172 175
101 145 148
101 178 181
101 141 144
101 205 208
101 242 245
101 168 171
101 151 154
101 134 137
101 153 156
101 170 173
101 137 140
101 208 211
101 189 192
101 165 168
101 211 214
101 179 182
21 44
101 228 231
101 155 158
101 219 222
101 197 200
101 146 149
101 158 161
101 193 196
101 112 115
101 254 257
101 179 182
101 163 166
101 163 166
101 123 126
101 218 221
101 149 152
101 182 185
21 114
21 77
21 82
21 71
21 73
101 132 135
101 139 142
21 92
101 182 185
21 36
21 46
21 95
101 176 179
21 63
21 121
21 127
101 134 137
21 56
21 65
101 154 157
101 182 185
101 147 150
101 113 116
101 198 201
101 179 182
101 187 190
101 157 160
101 115 118
21 41
21 46
21 82
21 39
21 100
21 44
21 116
21 114
21 88
21 96
21 48
21 61
101 134 137
101 145 148
21 42
21 124
21 89
21 39
21 42
101 112 115
101 159 162
101 213 216
21 56
21 69
101 170 173
21 35
101 191 194
21 97
21 37
21 96
21 71
21 34
21 43
21 41
21 96
21 80
21 94
101 139 142
21 45
101 120 123
101 211 214
21 77
21 104
101 184 187
21 85
21 69
101 167 170
101 149 152
21 88
21 46
21 71
21 40
21 42
101 165 168
21 47
21 117
21 67
21 52
101 127 130
21 32
21 75
101 162 165
21 79
21 34
101 150 153
21 63
101 156 159
21 43
21 95
21 66
101 145 148
101 224 227
101 180 183
101 168 171
101 158 161
101 183 186
101 169 172
101 195 198
101 169 172
101 156 159
101 148 151
101 269 272
101 158 161
101 160 163
101 188 191
101 151 154
101 129 132
101 174 177
101 172 175
101 175 178
101 213 216
101 243 246
101 147 150
101 126 129
101 218 221
101 130 133
101 205 208
101 147 150
101 165 168
101 172 175
101 124 127
101 179 182
101 204 207
101 151 154
101 145 148
21 42
21 41
21 73
21 38
21 83
21 105
21 114
101 175 178
21 80
101 153 156
101 135 138
21 39
21 47
21 82
21 50
21 34
21 54
101 161 164
21 54
21 47
101 178 181
101 199 202
101 183 186
101 165 168
101 199 202
101 154 157
101 160 163
101 196 199
101 177 180
101 145 148
101 171 174
101 182 185
101 255 258
101 179 182
101 138 141
101 116 119
101 171 174
101 174 177
101 117 120
101 114 117
101 127 130
101 203 206
101 211 214
101 156 159
101 141 144
101 193 196
101 162 165
101 126 129
101 188 191
101 146 149
101 180 183
101 156 159
101 166 169
101 146 149
21 45
21 75
21 62
21 46
21 74
21 45
101 128 131
21 78
21 85
21 41
21 61
21 66
101 162 165
21 33
21 72
21 41
21 49
21 57
21 46
21 53
21 66
21 97
21 57
21 57
101 201 204
21 45
101 145 148
21 103
21 69
21 92
21 91
21 58
21 40
21 51
21 46
21 186
21 81
21 34
21 39
21 42
101 169 172
21 33
21 94
21 61
21 56
21 86
21 81
21 89
21 86
21 115
101 154 157
21 61
101 158 161
21 68
21 40
21 39
21 57
21 31
101 149 152
21 34
