134 63
-0.422001 -2.06236 -1.53461 -2.67101 -2.59167 -0.537628 0 0 -1.25106 -0.216133 -0.329835 -0.422797 0.189221 -0.0611459 -0.327546 0.0456221 -0.230224 -0.47233 0.447873 0.344774 0.0650321 0.427253 0.276487 0.0273535 -0.250791 -0.284512 -0.363616 -0.123523 -0.176785 -0.230259 0 0 0 -0.290622 -0.0697963 -0.305458 -2.33835 -2.73177 -2.07464 -2.34817 -0.556694 -0.666248 -0.442548 -0.555431 -0.398561 -0.63966 -0.271586 -0.527093 -2.61405 -3.16063 -2.25819 -2.60436 -2.66985 -3.08753 -2.2981 -2.55945 -0.610145 -0.686684 -0.556984 -0.628658 0 0 0 
-0.422031 -2.13001 -1.68007 -2.56309 -2.37738 -0.537634 0 0 -1.36604 -0.216054 -0.329807 -0.422796 0.314007 -0.0125482 -0.326643 0.0708668 -0.164131 -0.488418 0.722347 0.353855 0.101593 0.641529 0.262806 0.0515282 -0.234183 -0.276922 -0.358802 -0.123523 -0.176785 -0.230259 0 0 0 0.269404 -0.108764 -0.0891496 -2.39789 -2.73177 -2.07464 -2.34817 -0.493768 -0.652207 -0.442548 -0.555431 -0.373454 -0.633529 -0.271586 -0.527093 -2.54271 -3.0746 -2.25819 -2.60436 -2.52001 -2.9198 -2.2981 -2.55945 -0.610145 -0.686684 -0.556984 -0.628658 0 0 0 
-0.421939 -1.87855 -1.46587 -2.4929 -2.45414 -0.537633 0 0 -1.25106 -0.216013 -0.32978 -0.42276 0.3787 0.0368067 -0.25965 0.166319 -0.0373726 -0.41653 0.822078 0.28969 0.130828 0.64681 0.15987 0.0150153 -0.212995 -0.268514 -0.354361 -0.123523 -0.176785 -0.230259 0 0 0 0.894047 -0.0503123 0.260761 -2.27018 -2.55548 -2.07464 -2.34817 -0.419273 -0.634295 -0.442548 -0.555431 -0.346541 -0.626736 -0.271586 -0.527093 -2.48799 -3.01864 -2.25819 -2.60436 -2.50585 -2.9198 -2.2981 -2.55945 -0.610145 -0.686684 -0.556984 -0.628658 0 0 0 
-0.421737 -1.64864 -1.17062 -2.4087 -2.36545 -0.536237 0 0 -1.0211 -0.216144 -0.329853 -0.42271 0.17237 -0.11558 -0.320811 -0.0369453 -0.166304 -0.554925 0.840294 0.232374 0.210714 0.730467 0.15347 0.122363 -0.191409 -0.259838 -0.349934 -0.123523 -0.176785 -0.230259 0 0 0 1.07354 -0.160722 0.50888 -2.10513 -2.33499 -2.07464 -2.34817 -0.341131 -0.616045 -0.442548 -0.555431 -0.318734 -0.619728 -0.271586 -0.527093 -2.4328 -2.95152 -2.25819 -2.60436 -2.46775 -2.91046 -2.2981 -2.55945 -0.610145 -0.686684 -0.556984 -0.628658 0 0 0 
-0.421667 -1.61303 -1.12077 -1.97414 -1.8311 -0.53112 0 0 -0.446194 -0.216369 -0.329999 -0.42251 -0.0693555 -0.316414 -0.379374 -0.308445 -0.412565 -0.710755 0.688455 0.118079 0.277922 0.603721 0.0740591 0.202277 -0.173419 -0.252601 -0.346518 -0.123523 -0.176785 -0.230259 0 0 0 0.689423 -0.33283 0.626577 -1.99356 -2.30083 -2.07464 -2.34817 -0.266981 -0.600836 -0.442548 -0.555431 -0.292472 -0.613881 -0.271586 -0.527093 -2.28477 -2.60512 -2.25819 -2.60436 -2.29544 -2.49222 -2.2981 -2.55945 -0.610145 -0.686684 -0.556984 -0.628658 0 0 0 
-0.421754 -1.6874 -1.36785 -1.51406 -1.57279 -0.524602 0 0 -0.216232 -0.216521 -0.330121 -0.417405 -0.22132 -0.484007 -0.28884 -0.405626 -0.606337 -0.700578 0.304277 -0.129822 0.318047 0.213645 -0.160153 0.260314 -0.161185 -0.248131 -0.344848 -0.123523 -0.176785 -0.230259 0 0 0 0.0109305 -0.595864 0.559776 -1.941 -2.30083 -2.07464 -2.34817 -0.202096 -0.590493 -0.442548 -0.555431 -0.270036 -0.61027 -0.271586 -0.527093 -2.0847 -2.23836 -2.25819 -2.60436 -2.12035 -2.29003 -2.2981 -2.55945 -0.610145 -0.686684 -0.556984 -0.628658 0 0 0 
-0.421838 -1.76557 -1.61202 -1.525 -1.59273 -0.50765 0 0 0.12871 -0.216624 -0.330179 -0.394001 -0.358412 -0.577661 -0.0901568 -0.331747 -0.649023 -0.533871 -0.255014 -0.364733 0.366798 -0.312153 -0.351984 0.351741 -0.161269 -0.248058 -0.345581 -0.123523 -0.176785 -0.230259 0 0 0 -1.02296 -0.758231 0.438898 -1.92312 -2.30083 -2.13068 -2.34817 -0.15584 -0.590493 -0.442548 -0.555431 -0.253941 -0.610212 -0.271586 -0.527093 -1.94385 -2.23836 -2.19329 -2.53034 -1.99927 -2.29003 -2.16229 -2.41425 -0.610145 -0.686684 -0.556984 -0.628658 0 0 0 
-0.421913 -1.85874 -1.57222 -1.8459 -1.89908 -0.499394 0 0 0.12871 -0.216701 -0.330156 -0.352226 -0.487905 -0.565442 0.165561 -0.2786 -0.636343 -0.305195 -0.706857 -0.423062 0.513671 -0.635816 -0.386638 0.513422 -0.172774 -0.253459 -0.349648 -0.123523 -0.176785 -0.230259 0 0 0 0.140167 -0.857506 0.316202 -1.93021 -2.30083 -2.01049 -2.18831 -0.132047 -0.590493 -0.442548 -0.555431 -0.246336 -0.610212 -0.271586 -0.527093 -1.89126 -2.23836 -2.14352 -2.4822 -1.96202 -2.29003 -2.14946 -2.41425 -0.610145 -0.686684 -0.556984 -0.628658 0 0 0 
-0.421931 -1.8885 -1.48277 -2.13288 -2.00848 -0.497265 0 0 -0.446194 -0.216726 -0.32997 -0.302386 -0.528166 -0.462736 0.450304 -0.26246 -0.672509 -0.0778302 -0.974502 -0.307523 0.763417 -0.872793 -0.276175 0.75504 -0.188405 -0.259158 -0.354034 -0.123523 -0.176785 -0.230259 0 0 0 1.04482 -0.717639 0.332334 -1.94155 -2.30083 -1.85518 -1.98836 -0.126702 -0.590493 -0.442548 -0.555431 -0.244611 -0.610212 -0.271586 -0.527093 -1.89251 -2.23836 -2.09333 -2.42445 -1.95005 -2.29003 -2.11493 -2.40617 -0.610145 -0.686684 -0.556984 -0.628658 0 0 0 
-0.4219 -1.85024 -1.36567 -2.33971 -2.15904 -0.496896 0 0 -1.13608 -0.216691 -0.32943 -0.248445 -0.523538 -0.307389 0.737691 -0.294342 -0.653382 0.137623 -1.10577 -0.091245 1.07601 -0.999519 -0.0814762 1.04448 -0.204376 -0.263825 -0.357448 -0.123523 -0.176785 -0.230259 0 0 0 1.13098 -0.290615 0.559776 -1.94389 -2.30083 -1.75019 -1.95738 -0.134529 -0.590493 -0.442548 -0.555431 -0.246319 -0.610212 -0.271586 -0.527093 -1.92086 -2.23836 -1.95869 -2.1264 -1.96152 -2.29003 -1.95875 -2.04409 -0.610145 -0.686684 -0.556984 -0.628658 0 0 0 
-0.421867 -1.81435 -1.28779 -2.40729 -2.38513 -0.49635 0 0 -1.25106 -0.216672 -0.320312 -0.211346 -0.582182 -0.0127191 1.00119 -0.451404 -0.505228 0.325419 -1.05249 0.287194 1.40521 -0.921398 0.314741 1.34861 -0.218172 -0.267179 -0.360099 -0.123523 -0.176785 -0.230259 0 0 0 0.484798 0.261432 0.947859 -1.94005 -2.30083 -1.70073 -1.95738 -0.150437 -0.590493 -0.442548 -0.555431 -0.249734 -0.610212 -0.271586 -0.527093 -1.95218 -2.23836 -1.77672 -1.81085 -1.99966 -2.29003 -1.80006 -1.86906 -0.610145 -0.686684 -0.556984 -0.628658 0 0 0 
-0.421845 -1.79098 -1.24611 -2.48335 -2.49924 -0.494775 0 0 -1.596 -0.216698 -0.279122 -0.188667 -0.651504 0.323089 1.24 -0.70441 -0.323325 0.494771 -0.708242 0.698964 1.72044 -0.57677 0.74329 1.6902 -0.230156 -0.273035 -0.36244 -0.123523 -0.176785 -0.230259 0 0 0 -0.72141 0.729047 1.3637 -1.93343 -2.30083 -1.6839 -1.95738 -0.171261 -0.590493 -0.370108 -0.539186 -0.255808 -0.610212 -0.24203 -0.52003 -1.98666 -2.23836 -1.64861 -1.81085 -2.04474 -2.29003 -1.69032 -1.86906 -0.610145 -0.686684 -0.556984 -0.628658 0 0 0 
-0.421908 -1.87248 -1.36091 -2.51672 -2.29964 -0.490183 0 0 -1.48102 -0.216626 -0.205668 -0.169768 -0.574132 0.688959 1.47774 -1.00534 -0.130403 0.673595 -0.131259 1.17172 2.03399 -0.0677019 1.19381 2.01563 -0.238317 -0.279604 -0.364951 -0.123523 -0.176785 -0.230259 0 0 0 0.269404 1.23563 1.7622 -1.93886 -2.30083 -1.69058 -1.95738 -0.193639 -0.590493 -0.284349 -0.518461 -0.264292 -0.610212 -0.21035 -0.512204 -2.01923 -2.23836 -1.60078 -1.81085 -2.06141 -2.29003 -1.65656 -1.86906 -0.610145 -0.686684 -0.556984 -0.628658 0 0 0 
-0.421967 -1.98627 -1.54561 -2.49814 -2.32119 -0.487247 0 0 -1.48102 -0.216136 -0.118022 -0.156324 -0.30441 1.12844 1.72362 -1.21832 0.181779 0.886541 0.516113 1.664 2.32227 0.468541 1.62418 2.28843 -0.245358 -0.287481 -0.368833 -0.123523 -0.176785 -0.230259 0 0 0 1.99256 1.7617 2.11505 -1.95783 -2.30083 -1.70125 -1.95738 -0.21663 -0.590493 -0.194391 -0.497346 -0.275286 -0.610212 -0.177616 -0.504129 -2.04539 -2.23836 -1.60192 -1.81085 -2.07785 -2.29003 -1.64571 -1.86906 -0.610145 -0.686684 -0.556984 -0.628658 0 0 0 
-0.422009 -2.07658 -1.76377 -2.56036 -2.26612 -0.486761 0 0 -0.791136 -0.214637 -0.0231135 -0.145507 0.15559 1.63448 1.98104 -1.01816 0.631437 1.13846 1.17066 2.17334 2.59088 1.08019 2.08619 2.54477 -0.253133 -0.295539 -0.373121 -0.123523 -0.176785 -0.230259 0 0 0 3.28492 2.19035 2.35387 -1.98487 -2.30083 -1.70344 -1.95738 -0.240484 -0.590493 -0.10903 -0.47975 -0.288368 -0.610212 -0.146702 -0.497393 -2.07354 -2.23836 -1.6277 -1.81085 -2.08696 -2.29003 -1.65611 -1.86906 -0.610145 -0.686684 -0.556984 -0.628658 0 0 0 
-0.422053 -2.22282 -1.95608 -2.57135 -2.427 -0.487034 0 0 -0.216232 -0.189659 0.0422107 -0.139103 1.0723 2.15917 2.24006 -0.232194 1.14798 1.40555 2.09433 2.72307 2.85587 2.0623 2.58881 2.78004 -0.259807 -0.302872 -0.377498 -0.123523 -0.176785 -0.230259 0 0 0 3.80187 2.54106 2.35387 -2.02461 -2.30083 -1.69984 -1.95738 -0.264517 -0.590493 -0.0343339 -0.467783 -0.302847 -0.610212 -0.12029 -0.493232 -2.09909 -2.23836 -1.65619 -1.81085 -2.109 -2.29003 -1.69067 -1.86906 -0.610145 -0.686684 -0.556984 -0.628658 0 0 0 
-0.422021 -2.12038 -1.84806 -2.07459 -2.04961 -0.488159 0 0 0.588632 -0.0771008 0.0821714 -0.136324 2.21202 2.65265 2.45376 0.773658 1.62961 1.63797 3.05538 3.23612 3.02778 3.04985 3.10823 2.93043 -0.264084 -0.309098 -0.384753 -0.123523 -0.176785 -0.230259 0 0 0 3.62956 2.67745 2.15028 -2.04908 -2.30083 -1.6936 -1.95738 -0.28763 -0.590493 0.0189156 -0.467783 -0.318046 -0.610212 -0.101343 -0.493165 -2.08299 -2.23836 -1.68755 -1.81085 -2.0974 -2.29003 -1.73153 -1.86906 -0.610145 -0.686684 -0.556984 -0.628658 0 0 0 
-0.421738 -1.67193 -1.80619 -1.29286 -1.34202 -0.492044 0 0 1.04856 0.123338 0.115419 -0.135018 3.24617 3.04606 2.58372 1.79305 2.05157 1.82572 3.74241 3.59188 3.07845 3.72821 3.49306 2.98979 -0.263526 -0.31156 -0.391847 -0.123523 -0.176785 -0.230259 0 0 0 2.89721 2.59951 1.83218 -2.02696 -2.30083 -1.69872 -1.95738 -0.307939 -0.590493 0.0463061 -0.467783 -0.332462 -0.610212 -0.0923914 -0.493165 -2.01126 -2.06203 -1.71717 -1.81085 -2.03211 -2.10941 -1.74664 -1.86906 -0.610145 -0.686684 -0.556984 -0.628658 0 0 0 
-0.42076 -1.2123 -1.9084 -0.720536 -0.758105 -0.490747 0 0 1.50848 0.361862 0.138852 -0.134134 3.96436 3.27733 2.64156 2.89215 2.48954 2.02292 4.08545 3.72305 3.03519 4.12895 3.65019 2.96315 -0.258913 -0.313943 -0.399264 -0.123523 -0.176785 -0.230259 0 0 0 1.9064 2.34622 1.45046 -1.96458 -1.91651 -1.71656 -1.95738 -0.324271 -0.590493 0.0524592 -0.467783 -0.34619 -0.610212 -0.090361 -0.493165 -1.90726 -1.60579 -1.74096 -1.81085 -1.93071 -1.65237 -1.76154 -1.86906 -0.610145 -0.686684 -0.556984 -0.628658 0 0 0 
-0.41837 -0.830924 -1.28704 -0.450031 -0.339056 -0.490781 0 0 1.62346 0.618675 0.157144 -0.132119 4.36597 3.37193 2.67254 3.80603 2.85948 2.21232 4.21639 3.69679 2.97687 4.31183 3.66386 2.89328 -0.252818 -0.317034 -0.407038 -0.123523 -0.176785 -0.230259 0 0 0 0.657113 1.85912 1.01784 -1.87487 -1.55075 -1.74201 -1.95738 -0.33666 -0.590493 0.0434488 -0.467783 -0.359567 -0.610212 -0.0923714 -0.493165 -1.79577 -1.39016 -1.76657 -1.81085 -1.81015 -1.32437 -1.7698 -1.86906 -0.610145 -0.686684 -0.556984 -0.628658 0 0 0 
-0.360923 0.228052 -0.235495 0.701404 1.06228 -0.488949 0 0 1.50848 0.770304 0.15872 -0.134029 4.19486 3.23718 2.58566 4.01052 2.95713 2.2533 3.9144 3.47572 2.86365 3.9366 3.41496 2.73089 -0.247897 -0.321192 -0.414931 -0.123523 -0.176785 -0.230259 0 0 0 -0.247543 1.11873 0.648845 -1.70493 -0.535135 -1.77941 -1.95738 -0.346093 -0.590493 0.0251358 -0.467783 -0.372981 -0.610212 -0.0963913 -0.493165 -1.6224 -0.472278 -1.78981 -1.81085 -1.60775 -0.22753 -1.78977 -1.86906 -0.610145 -0.686684 -0.556984 -0.628658 0 0 0 
-0.146246 0.799674 0.195074 1.39615 1.52477 -0.486564 0 0 1.16354 0.741768 0.11325 -0.160243 3.35123 2.8293 2.32481 3.56922 2.79114 2.12378 3.04304 2.99938 2.63276 3.03788 2.87409 2.43862 -0.246386 -0.327028 -0.422866 -0.123523 -0.176785 -0.230259 0 0 0 -0.807568 0.417303 0.330744 -1.50469 0.0130825 -1.80243 -1.95738 -0.354149 -0.590493 0.00116338 -0.467783 -0.38693 -0.610212 -0.103542 -0.493165 -1.42304 0.0815465 -1.77517 -1.81085 -1.39435 0.134469 -1.77926 -1.86906 -0.610145 -0.686684 -0.556984 -0.628658 0 0 0 
0.0695054 1.0189 0.339768 1.71435 1.59167 -0.484421 0 0 1.27852 0.519533 0.000881228 -0.224383 2.24824 2.27212 1.95408 2.95542 2.5178 1.90623 2.01091 2.34783 2.28348 2.07202 2.22016 2.0894 -0.248397 -0.33398 -0.429612 -0.123523 -0.176785 -0.230259 0 0 0 -0.936805 -0.245152 0.0762629 -1.30508 0.223328 -1.78162 -1.95738 -0.362166 -0.590493 -0.0245979 -0.467783 -0.401666 -0.610212 -0.113528 -0.493165 -1.22272 0.335202 -1.70993 -1.65914 -1.19543 0.186837 -1.72008 -1.7127 -0.610145 -0.686684 -0.556984 -0.628658 0 0 0 
0.164202 1.0857 0.609113 1.80074 1.667 -0.48428 0 0 1.3935 0.144561 -0.158485 -0.315205 1.15642 1.64623 1.53696 2.20541 2.13714 1.64166 0.999926 1.64971 1.85911 1.14297 1.59538 1.68928 -0.259584 -0.341569 -0.435831 -0.123523 -0.176785 -0.230259 0 0 0 -0.678331 -0.888124 -0.21639 -1.11721 0.287397 -1.72292 -1.60887 -0.373048 -0.590493 -0.0510658 -0.467783 -0.417267 -0.610212 -0.12647 -0.493165 -1.03433 0.404071 -1.61533 -1.2666 -1.00871 0.245798 -1.62818 -1.31704 -0.610145 -0.686684 -0.556984 -0.628658 0 0 0 
0.212468 1.11595 0.813646 1.82278 1.89371 -0.483275 0 0 1.27852 -0.300963 -0.336776 -0.41785 0.160448 1.03668 1.12028 1.23538 1.67787 1.33907 0.0448232 1.00482 1.41416 0.245674 0.971102 1.25365 -0.273381 -0.349515 -0.442056 -0.123523 -0.176785 -0.230259 0 0 0 -0.506016 -0.498444 -0.572663 -0.942234 0.31641 -1.6385 -1.27719 -0.387241 -0.590493 -0.0785266 -0.467783 -0.433722 -0.610212 -0.14187 -0.493165 -0.859855 0.421638 -1.51393 -1.08107 -0.824234 0.423243 -1.51891 -1.0331 -0.610145 -0.686684 -0.556984 -0.628658 0 0 0 
0.0144654 0.973969 0.792468 1.66959 1.61529 -0.484084 0 0 1.50848 -0.705644 -0.490648 -0.507318 -0.734447 0.451503 0.729731 0.341771 1.16862 1.03775 -0.825734 0.396701 0.956831 -0.623532 0.362372 0.814291 -0.289849 -0.358215 -0.448284 -0.123523 -0.176785 -0.230259 0 0 0 -0.0321484 0.0665916 -0.954384 -0.790334 0.31641 -1.47858 -0.35621 -0.405142 -0.590493 -0.106194 -0.467783 -0.451125 -0.610212 -0.158915 -0.493165 -0.706587 0.421638 -1.35624 -0.291337 -0.668929 0.423243 -1.33546 -0.0835668 -0.610145 -0.686684 -0.556984 -0.628658 0 0 0 
-0.15508 0.786758 0.726073 1.37329 1.72307 -0.485752 0 0 1.3935 -0.954325 -0.591613 -0.565647 -1.26039 -0.128823 0.371289 -0.250512 0.635616 0.758426 -1.35967 -0.182677 0.521547 -1.20301 -0.262705 0.373174 -0.307149 -0.367009 -0.454233 -0.123523 -0.176785 -0.230259 0 0 0 0.570956 0.592659 -0.725351 -0.661892 0.31641 -1.29014 0.140925 -0.426573 -0.590493 -0.132801 -0.467783 -0.469395 -0.610212 -0.176807 -0.493165 -0.579183 0.421638 -1.17491 0.185167 -0.519545 0.423243 -1.14205 0.229814 -0.610145 -0.686684 -0.556984 -0.628658 0 0 0 
-0.199575 0.717706 0.728312 1.28148 1.62918 -0.486458 0 0 1.04856 -1.03507 -0.662896 -0.606553 -1.59669 -0.701009 0.0130419 -0.722776 0.113644 0.460345 -1.72615 -0.724839 0.110178 -1.75927 -0.872003 -0.0857453 -0.32367 -0.375616 -0.459792 -0.123523 -0.176785 -0.230259 0 0 0 1.00174 0.904403 -0.394527 -0.546967 0.31641 -1.10231 0.33158 -0.450944 -0.590493 -0.156181 -0.467783 -0.488393 -0.610212 -0.193776 -0.493165 -0.465214 0.421638 -0.992718 0.403409 -0.385521 0.423243 -0.961761 0.275149 -0.610145 -0.686684 -0.556984 -0.628658 0 0 0 
-0.263878 0.587889 0.733299 0.984292 1.19864 -0.496856 0 0 0.933575 -0.984981 -0.718367 -0.638444 -1.82813 -1.19693 -0.349258 -1.20928 -0.420831 0.113103 -1.89796 -1.16532 -0.275944 -2.0988 -1.3701 -0.490335 -0.336121 -0.383044 -0.46384 -0.123523 -0.176785 -0.230259 0 0 0 1.13098 1.07976 -0.114598 -0.447848 0.31641 -0.92551 0.38968 -0.476888 -0.590493 -0.174982 -0.467783 -0.507775 -0.610212 -0.209936 -0.493165 -0.372655 0.421638 -0.821375 0.462663 -0.281503 0.423243 -0.79252 0.326191 -0.610145 -0.686684 -0.556984 -0.628658 0 0 0 
-0.294867 0.505221 0.716315 0.731752 1.03306 -0.501718 0 0 0.703613 -0.850686 -0.758859 -0.662174 -1.85273 -1.57766 -0.698373 -1.53856 -0.970964 -0.239559 -1.75425 -1.46428 -0.625385 -2.16538 -1.74358 -0.849518 -0.342151 -0.387725 -0.466096 -0.123523 -0.176785 -0.230259 0 0 0 1.13098 1.11873 0.101711 -0.360188 0.31641 -0.760853 0.415989 -0.502625 -0.590493 -0.189245 -0.467783 -0.526898 -0.610212 -0.225684 -0.493165 -0.297396 0.421638 -0.66268 0.477778 -0.192139 0.423243 -0.625325 0.479804 -0.610145 -0.686684 -0.556984 -0.628658 0 0 0 
-0.346857 0.307324 0.484296 0.649856 0.665134 -0.506309 0 0 -0.101252 -0.65731 -0.785802 -0.678912 -1.71999 -1.84508 -1.03351 -1.6724 -1.37644 -0.595292 -1.44915 -1.70458 -0.948022 -2.0157 -2.00472 -1.16933 -0.344907 -0.390774 -0.467397 -0.123523 -0.176785 -0.230259 0 0 0 0.78635 0.865435 0.152607 -0.289423 0.31641 -0.617909 0.415989 -0.527376 -0.590493 -0.200104 -0.467783 -0.545438 -0.610212 -0.241474 -0.493165 -0.230487 0.421638 -0.523277 0.477778 -0.125138 0.423243 -0.484564 0.479804 -0.610145 -0.686684 -0.556984 -0.628658 0 0 0 
-0.389386 -0.00334487 0.157449 0.322063 0.154115 -0.512121 0 0 -0.216232 -0.511721 -0.790216 -0.687631 -1.51279 -1.89108 -1.33592 -1.62577 -1.52685 -0.926721 -1.12543 -1.77705 -1.22466 -1.74445 -2.00632 -1.4293 -0.343863 -0.391685 -0.46769 -0.123523 -0.176785 -0.230259 0 0 0 0.0970882 0.358851 0.101711 -0.240172 0.31641 -0.497041 0.415989 -0.550332 -0.590493 -0.209378 -0.467783 -0.563008 -0.610212 -0.257894 -0.493165 -0.181303 0.421638 -0.407398 0.477778 -0.0846589 0.423243 -0.34917 0.479804 -0.610145 -0.686684 -0.556984 -0.628658 0 0 0 
-0.406367 -0.277356 -0.0137479 -0.127435 -0.209458 -0.515473 0 0 0.12871 -0.417367 -0.754997 -0.691237 -1.27288 -1.81112 -1.56951 -1.45602 -1.58178 -1.18051 -0.822091 -1.68102 -1.40914 -1.26581 -1.87055 -1.59655 -0.338773 -0.390539 -0.467229 -0.123523 -0.176785 -0.230259 0 0 0 -0.462937 -0.0308283 -8.13628e-05 -0.208525 0.31641 -0.388892 0.415989 -0.570728 -0.590493 -0.218607 -0.467783 -0.579283 -0.610212 -0.275241 -0.493165 -0.153109 0.421638 -0.303739 0.477778 -0.0620409 0.423243 -0.227697 0.479804 -0.610145 -0.686684 -0.556984 -0.628658 0 0 0 
-0.410159 -0.389216 -0.1896 -0.0984107 -0.00717276 -0.521373 0 0 0.358671 -0.33405 -0.684811 -0.692584 -0.963964 -1.66743 -1.70101 -1.19999 -1.62142 -1.36838 -0.505311 -1.50296 -1.50006 -0.834706 -1.70774 -1.69943 -0.329263 -0.387407 -0.466321 -0.123523 -0.176785 -0.230259 0 0 0 -0.635253 -0.323088 -0.127322 -0.184531 0.31641 -0.295618 0.415989 -0.587805 -0.590493 -0.231135 -0.467783 -0.593991 -0.610212 -0.293605 -0.493165 -0.125446 0.421638 -0.219553 0.477778 -0.0324327 0.423243 -0.13342 0.479804 -0.610145 -0.686684 -0.556984 -0.628658 0 0 0 
-0.393694 -0.0644371 -0.0471156 0.458835 0.320893 -0.525182 0 0 0.24369 -0.280537 -0.602248 -0.694296 -0.727381 -1.5387 -1.79227 -0.934408 -1.59727 -1.56434 -0.390227 -1.39073 -1.57551 -0.685121 -1.59141 -1.80217 -0.320715 -0.382491 -0.464223 -0.123523 -0.176785 -0.230259 0 0 0 -0.72141 -0.654316 -0.292734 -0.145572 0.31641 -0.213127 0.415989 -0.602056 -0.590493 -0.247474 -0.467783 -0.606929 -0.610212 -0.312976 -0.493165 -0.0783121 0.421638 -0.151103 0.477778 0.00859242 0.423243 -0.0524246 0.479804 -0.610145 -0.686684 -0.556984 -0.628658 0 0 0 
-0.380089 0.0842583 0.02617 0.71277 0.352601 -0.529729 0 0 0.24369 -0.249791 -0.517066 -0.698604 -0.637221 -1.47942 -1.89846 -0.72569 -1.58442 -1.76357 -0.580162 -1.35858 -1.69766 -0.665832 -1.49617 -1.90356 -0.310342 -0.375939 -0.461184 -0.123523 -0.176785 -0.230259 0 0 0 -0.979883 -0.946576 -0.407251 -0.101505 0.31641 -0.146534 0.415989 -0.613331 -0.590493 -0.268082 -0.467783 -0.617944 -0.610212 -0.333463 -0.493165 -0.0244703 0.421638 -0.0902464 0.477778 0.0485702 0.423243 0.00830147 0.479804 -0.610145 -0.686684 -0.556984 -0.628658 0 0 0 
-0.393769 -0.0648763 -0.0250292 0.526666 0.19723 -0.532461 0 0 0.013729 -0.240754 -0.461505 -0.698364 -0.622514 -1.44237 -1.9156 -0.587399 -1.59533 -1.86088 -0.832769 -1.32702 -1.74982 -0.704605 -1.40782 -1.8808 -0.298569 -0.3682 -0.45723 -0.123523 -0.176785 -0.230259 0 0 0 -0.764489 -0.829672 -0.547215 -0.0669165 0.31641 -0.100188 0.415989 -0.621585 -0.590493 -0.292753 -0.467783 -0.62698 -0.610212 -0.354969 -0.493165 0.0198107 0.421638 -0.0455118 0.477778 0.0805142 0.423243 0.04499 0.479804 -0.610145 -0.686684 -0.556984 -0.628658 0 0 0 
-0.409345 -0.3668 -0.124768 -0.0314027 -0.0257078 -0.532653 0 0 0.013729 -0.240854 -0.426831 -0.677534 -0.654772 -1.36085 -1.84224 -0.626282 -1.56218 -1.86646 -0.973303 -1.24931 -1.71252 -0.810581 -1.26434 -1.78837 -0.288359 -0.360291 -0.452696 -0.123523 -0.176785 -0.230259 0 0 0 -0.462937 -0.556896 -0.661731 -0.0481364 0.31641 -0.0704062 0.415989 -0.627369 -0.590493 -0.320809 -0.467783 -0.634164 -0.610212 -0.377333 -0.493165 0.0423433 0.421638 -0.0198691 0.477778 0.102572 0.423243 0.0654899 0.479804 -0.610145 -0.686684 -0.556984 -0.628658 0 0 0 
-0.412683 -0.48209 -0.2415 -0.309226 -0.267161 -0.533219 0 0 -0.101252 -0.241262 -0.395157 -0.636543 -0.692972 -1.19307 -1.70132 -0.793534 -1.45015 -1.83228 -1.01651 -1.08141 -1.60826 -0.885586 -1.07882 -1.66317 -0.279685 -0.35251 -0.447734 -0.123523 -0.176785 -0.230259 0 0 0 -0.0321484 -0.264636 -0.788972 -0.0355238 0.31641 -0.0478272 0.415989 -0.631171 -0.590493 -0.350675 -0.467783 -0.639658 -0.610212 -0.400149 -0.493165 0.0543013 0.421638 0.00529181 0.477778 0.11484 0.423243 0.0923253 0.479804 -0.610145 -0.686684 -0.556984 -0.628658 0 0 0 
-0.408776 -0.350606 -0.254101 -0.188607 -0.337164 -0.534264 0 0 -0.101252 -0.243142 -0.372076 -0.587016 -0.760702 -1.02009 -1.5416 -0.934972 -1.32001 -1.76472 -1.03116 -0.904325 -1.4539 -0.809086 -0.912471 -1.49881 -0.273262 -0.346067 -0.44255 -0.123523 -0.176785 -0.230259 0 0 0 0.614035 0.0276237 -0.94166 -0.0177547 0.31641 -0.0111651 0.415989 -0.633567 -0.590493 -0.380304 -0.467783 -0.643813 -0.610212 -0.42266 -0.493165 0.0696485 0.421638 0.0481618 0.477778 0.124048 0.423243 0.129508 0.479804 -0.610145 -0.686684 -0.556984 -0.628658 0 0 0 
-0.403535 -0.22209 -0.174631 -0.278502 -0.288928 -0.534464 0 0 0.473652 -0.242316 -0.355425 -0.53401 -0.820401 -0.905857 -1.40026 -1.0717 -1.26964 -1.68981 -0.883874 -0.768991 -1.2796 -0.652018 -0.766869 -1.31301 -0.268327 -0.340028 -0.437111 -0.123523 -0.176785 -0.230259 0 0 0 0.915587 0.0665916 -0.94166 0.00466595 0.31641 0.0303031 0.415989 -0.634933 -0.590493 -0.408797 -0.467783 -0.64679 -0.610212 -0.444485 -0.493165 0.0813481 0.421638 0.0971329 0.477778 0.134451 0.423243 0.165742 0.479804 -0.610145 -0.686684 -0.556984 -0.628658 0 0 0 
-0.404842 -0.24499 -0.110371 -0.36581 -0.257288 -0.534626 0 0 1.16354 -0.237611 -0.347738 -0.498662 -0.869967 -0.850951 -1.29353 -1.27639 -1.27119 -1.64545 -0.56551 -0.639705 -1.10827 -0.482595 -0.653763 -1.16453 -0.265579 -0.334684 -0.431828 -0.123523 -0.176785 -0.230259 0 0 0 0.527877 -0.225668 -0.890764 0.0250591 0.31641 0.0628522 0.415989 -0.635738 -0.590493 -0.435224 -0.467783 -0.648784 -0.610212 -0.465167 -0.493165 0.089742 0.421638 0.137408 0.477778 0.145413 0.423243 0.194695 0.479804 -0.610145 -0.686684 -0.556984 -0.628658 0 0 0 
-0.413974 -0.522539 -0.412061 -0.358314 -0.370662 -0.534558 0 0 1.04856 -0.233981 -0.34511 -0.477203 -0.851857 -0.805837 -1.18814 -1.33606 -1.22905 -1.59009 -0.286526 -0.566404 -0.96487 -0.331915 -0.577197 -1.00521 -0.264458 -0.330238 -0.42657 -0.123523 -0.176785 -0.230259 0 0 0 -0.204464 -0.654316 -0.928936 0.0331401 0.31641 0.0805249 0.415989 -0.636308 -0.590493 -0.458705 -0.467783 -0.65 -0.610212 -0.484325 -0.493165 0.097976 0.421638 0.157902 0.477778 0.152178 0.423243 0.214687 0.479804 -0.610145 -0.686684 -0.556984 -0.628658 0 0 0 
-0.41666 -0.683099 -0.803371 -0.376616 -0.358068 -0.534738 0 0 0.933575 -0.229635 -0.342883 -0.458428 -0.700271 -0.725228 -1.04462 -1.06463 -1.0992 -1.45266 -0.139583 -0.572599 -0.829474 -0.213528 -0.539905 -0.841461 -0.26381 -0.326101 -0.421215 -0.123523 -0.176785 -0.230259 0 0 0 -0.72141 -1.00503 -0.954384 0.0344296 0.31641 0.0923939 0.415989 -0.636741 -0.590493 -0.478364 -0.467783 -0.65054 -0.610212 -0.501639 -0.493165 0.105286 0.421638 0.168778 0.477778 0.159035 0.423243 0.225807 0.479804 -0.610145 -0.686684 -0.556984 -0.628658 0 0 0 
-0.415909 -0.641284 -0.68727 -0.45482 -0.317018 -0.534514 0 0 1.16354 -0.222839 -0.339994 -0.444702 -0.485097 -0.622163 -0.894114 -0.740141 -0.961843 -1.26625 0.0177509 -0.516024 -0.692708 -0.189822 -0.469736 -0.713176 -0.262818 -0.322921 -0.416897 -0.123523 -0.176785 -0.230259 0 0 0 -0.72141 -0.712768 -0.979832 0.0372977 0.31641 0.109115 0.415989 -0.636988 -0.590493 -0.494769 -0.467783 -0.650588 -0.610212 -0.51687 -0.493165 0.109973 0.421638 0.182737 0.477778 0.166863 0.423243 0.234152 0.479804 -0.610145 -0.686684 -0.556984 -0.628658 0 0 0 
-0.416593 -0.682607 -0.750179 -0.368895 -0.371823 -0.534637 0 0 0.933575 -0.215645 -0.334385 -0.432989 -0.248046 -0.467775 -0.73725 -0.603234 -0.820178 -1.08306 0.182903 -0.365525 -0.560142 -0.192679 -0.356463 -0.588474 -0.261721 -0.32037 -0.413084 -0.123523 -0.176785 -0.230259 0 0 0 0.140167 -0.439992 -0.890764 0.0384595 0.31641 0.130214 0.415989 -0.637043 -0.590493 -0.507749 -0.467783 -0.650266 -0.610212 -0.529837 -0.493165 0.116926 0.421638 0.193378 0.477778 0.172685 0.423243 0.243581 0.479804 -0.610145 -0.686684 -0.556984 -0.628658 0 0 0 
-0.416752 -0.696096 -0.862954 -0.15299 -0.278414 -0.534399 0 0 0.358671 -0.207611 -0.327478 -0.425513 0.013979 -0.301575 -0.591732 -0.358759 -0.664066 -0.910446 0.205241 -0.227729 -0.457675 -0.149669 -0.260551 -0.480359 -0.26063 -0.318847 -0.409668 -0.123523 -0.176785 -0.230259 0 0 0 0.441719 -0.362056 -0.81442 0.0390667 0.31641 0.149404 0.415989 -0.63692 -0.590493 -0.517251 -0.467783 -0.649745 -0.610212 -0.540473 -0.493165 0.129657 0.421638 0.201013 0.477778 0.181039 0.423243 0.253516 0.479804 -0.610145 -0.686684 -0.556984 -0.628658 0 0 0 
-0.416148 -0.649763 -0.658262 -0.19564 -0.27341 -0.534698 0 0 0.24369 -0.201004 -0.323319 -0.422093 0.237026 -0.179744 -0.486471 0.015055 -0.538303 -0.788176 0.0942708 -0.148705 -0.395116 -0.0965505 -0.197884 -0.427327 -0.259237 -0.317567 -0.406659 -0.123523 -0.176785 -0.230259 0 0 0 0.269404 -0.342572 -0.827144 0.0413479 0.31641 0.157009 0.415989 -0.636582 -0.590493 -0.52391 -0.467783 -0.649068 -0.610212 -0.548929 -0.493165 0.140682 0.421638 0.208502 0.477778 0.18919 0.423243 0.259647 0.479804 -0.610145 -0.686684 -0.556984 -0.628658 0 0 0 
-0.410634 -0.396133 -0.35897 -0.147771 -0.269505 -0.535473 0 0 0.588632 -0.199601 -0.322239 -0.420413 0.290927 -0.138855 -0.43026 0.110036 -0.479859 -0.727268 -0.0846757 -0.136784 -0.352634 -0.100599 -0.155291 -0.392457 -0.256384 -0.315846 -0.403901 -0.123523 -0.176785 -0.230259 0 0 0 0.269404 -0.323088 -0.87804 0.0526487 0.31641 0.158223 0.415989 -0.635816 -0.590493 -0.528287 -0.467783 -0.648187 -0.610212 -0.555398 -0.493165 0.15255 0.421638 0.215151 0.477778 0.19712 0.423243 0.265862 0.479804 -0.610145 -0.686684 -0.556984 -0.628658 0 0 0 
-0.403225 -0.213882 -0.374437 0.0728429 -0.321117 -0.534244 0 0 0.588632 -0.202003 -0.323145 -0.420407 0.191884 -0.164704 -0.430721 -0.0639954 -0.447189 -0.720879 -0.226904 -0.16214 -0.327542 -0.0487943 -0.134068 -0.339694 -0.253582 -0.314345 -0.40198 -0.123523 -0.176785 -0.230259 0 0 0 0.441719 -0.1867 -0.916212 0.0699145 0.31641 0.160921 0.415989 -0.634657 -0.590493 -0.531044 -0.467783 -0.647142 -0.610212 -0.560288 -0.493165 0.169776 0.421638 0.219414 0.477778 0.203289 0.423243 0.272958 0.479804 -0.610145 -0.686684 -0.556984 -0.628658 0 0 0 
-0.406088 -0.280981 -0.814295 -0.0104844 -0.362138 -0.532905 0 0 -0.101252 -0.205223 -0.323045 -0.419805 0.0792845 -0.16658 -0.42262 -0.0486811 -0.34153 -0.653851 -0.353337 -0.166146 -0.280597 0.0510263 -0.0987133 -0.265839 -0.251881 -0.313524 -0.400738 -0.123523 -0.176785 -0.230259 0 0 0 0.0970882 -0.1867 -0.992556 0.0841871 0.31641 0.162015 0.415989 -0.63329 -0.590493 -0.532617 -0.467783 -0.646032 -0.610212 -0.563793 -0.493165 0.184167 0.421638 0.225738 0.477778 0.208091 0.423243 0.278234 0.479804 -0.610145 -0.686684 -0.556984 -0.628658 0 0 0 
-0.410113 -0.391375 -0.779485 -0.158898 -0.203812 -0.532602 0 0 0.013729 -0.208265 -0.320933 -0.416843 -0.028157 -0.121414 -0.368714 0.0363865 -0.170328 -0.517708 -0.412609 -0.156098 -0.192053 0.0634958 -0.0507209 -0.193278 -0.251791 -0.312918 -0.399878 -0.123523 -0.176785 -0.230259 0 0 0 -0.506016 -0.401024 -0.839868 0.0941731 0.31641 0.162586 0.415989 -0.631963 -0.590493 -0.533544 -0.467783 -0.644887 -0.610212 -0.56614 -0.493165 0.194231 0.421638 0.237317 0.477778 0.216967 0.423243 0.285805 0.479804 -0.610145 -0.686684 -0.556984 -0.628658 0 0 0 
-0.411859 -0.449466 -0.403173 -0.402522 -0.100024 -0.531957 0 0 -0.101252 -0.210753 -0.318864 -0.413178 -0.1262 -0.0676388 -0.292534 -0.0937257 -0.0682294 -0.41693 -0.352577 -0.11501 -0.0868422 0.018328 -0.044028 -0.142076 -0.251372 -0.312231 -0.399384 -0.123523 -0.176785 -0.230259 0 0 0 -0.850647 -0.77122 -0.7508 0.101853 0.31641 0.164733 0.415989 -0.630626 -0.590493 -0.534201 -0.467783 -0.6437 -0.610212 -0.567572 -0.493165 0.197837 0.421638 0.247345 0.477778 0.228247 0.423243 0.293193 0.479804 -0.610145 -0.686684 -0.556984 -0.628658 0 0 0 
-0.409369 -0.365939 -0.349135 -0.661894 -0.18708 -0.530461 0 0 -0.216232 -0.212849 -0.317876 -0.410709 -0.204338 -0.0499514 -0.244929 -0.247559 -0.0723793 -0.370925 -0.177688 0.00544739 -0.00290431 -0.0155612 -0.0377683 -0.1155 -0.251417 -0.311964 -0.399133 -0.123523 -0.176785 -0.230259 0 0 0 -0.72141 -0.849156 -0.636283 0.111971 0.31641 0.175367 0.415989 -0.629345 -0.590493 -0.534699 -0.467783 -0.642524 -0.610212 -0.568207 -0.493165 0.194958 0.421638 0.258139 0.477778 0.236854 0.423243 0.30038 0.479804 -0.610145 -0.686684 -0.556984 -0.628658 0 0 0 
-0.403089 -0.216169 -0.399163 -0.236234 -0.0428513 -0.529919 0 0 -0.216232 -0.215056 -0.319047 -0.40977 -0.246207 -0.0967815 -0.23583 -0.206036 -0.153429 -0.350925 0.0237878 0.105691 0.0411278 -0.0630725 -0.0373416 -0.116 -0.253141 -0.312488 -0.39901 -0.123523 -0.176785 -0.230259 0 0 0 -0.161385 -0.420508 -0.509043 0.126516 0.31641 0.191615 0.415989 -0.628348 -0.590493 -0.534983 -0.467783 -0.641454 -0.610212 -0.568263 -0.493165 0.202418 0.421638 0.273807 0.477778 0.248815 0.423243 0.305972 0.479804 -0.610145 -0.686684 -0.556984 -0.628658 0 0 0 
-0.401299 -0.182424 -0.460179 0.0389936 -0.000707751 -0.529565 0 0 0.24369 -0.214526 -0.322047 -0.408642 -0.236837 -0.180895 -0.22539 -0.115513 -0.194495 -0.325871 0.152253 0.102639 0.049953 -0.147379 -0.0683555 -0.123321 -0.254809 -0.313238 -0.399152 -0.123523 -0.176785 -0.230259 0 0 0 0.269404 -0.0308283 -0.432699 0.141601 0.31641 0.205046 0.415989 -0.627612 -0.590493 -0.535046 -0.467783 -0.64051 -0.610212 -0.567885 -0.493165 0.216109 0.421638 0.286896 0.477778 0.261402 0.423243 0.310324 0.479804 -0.610145 -0.686684 -0.556984 -0.628658 0 0 0 
-0.407063 -0.30353 -0.614288 -0.024661 -0.148465 -0.530707 0 0 0.588632 -0.213004 -0.323467 -0.404531 -0.212939 -0.235189 -0.176834 -0.128451 -0.175314 -0.274651 0.197871 0.0932654 0.0613081 -0.164439 -0.086025 -0.118495 -0.254948 -0.313469 -0.399145 -0.123523 -0.176785 -0.230259 0 0 0 0.183246 0.164012 -0.369078 0.152417 0.31641 0.214443 0.415989 -0.62692 -0.590493 -0.534904 -0.467783 -0.639627 -0.610212 -0.567271 -0.493165 0.227843 0.421638 0.296049 0.477778 0.269922 0.423243 0.318369 0.479804 -0.610145 -0.686684 -0.556984 -0.628658 0 0 0 
-0.41132 -0.431077 -0.67044 -0.181381 -0.19082 -0.529404 0 0 0.473652 -0.210973 -0.320995 -0.39976 -0.170986 -0.224522 -0.107623 -0.0901213 -0.127115 -0.18744 0.254012 0.135483 0.0980402 -0.123874 -0.0575093 -0.0913214 -0.254144 -0.313701 -0.398989 -0.123523 -0.176785 -0.230259 0 0 0 0.140167 0.164012 -0.241838 0.158989 0.31641 0.22167 0.415989 -0.626148 -0.590493 -0.534515 -0.467783 -0.6388 -0.610212 -0.566474 -0.493165 0.2356 0.421638 0.299329 0.477778 0.277127 0.423243 0.328592 0.479804 -0.610145 -0.686684 -0.556984 -0.628658 0 0 0 
-0.410219 -0.393844 -0.508726 -0.207327 -0.137791 -0.527803 0 0 0.703613 -0.207289 -0.317624 -0.397254 -0.100457 -0.190993 -0.0696986 0.0614192 -0.0701927 -0.128676 0.343335 0.16755 0.151363 -0.0234041 -0.0402061 -0.0896522 -0.254755 -0.31453 -0.398807 -0.123523 -0.176785 -0.230259 0 0 0 0.0970882 0.125044 -0.140046 0.166449 0.31641 0.231192 0.415989 -0.62548 -0.590493 -0.533634 -0.467783 -0.638095 -0.610212 -0.565437 -0.493165 0.242513 0.421638 0.296711 0.477778 0.285344 0.423243 0.336393 0.479804 -0.610145 -0.686684 -0.556984 -0.628658 0 0 0 
-0.407235 -0.308251 -0.277395 0.0116483 -0.134406 -0.52802 0 0 0.473652 -0.205471 -0.314919 -0.395683 -0.0626371 -0.147571 -0.061959 0.046542 -0.0505166 -0.156893 0.314918 0.17294 0.182757 0.0358704 -0.0364863 -0.0896175 -0.256549 -0.315512 -0.398751 -0.123523 -0.176785 -0.230259 0 0 0 0.0109305 0.164012 -0.0637015 0.176171 0.31641 0.244879 0.415989 -0.62506 -0.590493 -0.532299 -0.467783 -0.637521 -0.610212 -0.564207 -0.493165 0.25402 0.421638 0.303496 0.477778 0.293367 0.423243 0.347235 0.479804 -0.610145 -0.686684 -0.556984 -0.628658 0 0 0 
-0.399864 -0.157346 -0.240887 0.215787 -0.0311592 -0.528252 0 0 0.588632 -0.207319 -0.311698 -0.393549 -0.095052 -0.102418 -0.0602891 -0.0731272 -0.0809431 -0.185418 0.25334 0.16778 0.157767 0.0686144 -0.0321319 -0.0859277 -0.25813 -0.316336 -0.398699 -0.123523 -0.176785 -0.230259 0 0 0 -0.0321484 0.222464 -0.0128054 0.18993 0.31641 0.259075 0.415989 -0.624851 -0.590493 -0.530726 -0.467783 -0.637056 -0.610212 -0.5629 -0.493165 0.269575 0.421638 0.315948 0.477778 0.303494 0.423243 0.358643 0.479804 -0.610145 -0.686684 -0.556984 -0.628658 0 0 0 
-0.398543 -0.13518 -0.29505 0.197351 0.150491 -0.527618 0 0 0.703613 -0.209017 -0.306339 -0.390328 -0.119708 -0.0644076 -0.0668617 -0.118605 -0.178928 -0.180505 0.233979 0.170164 0.120533 0.0536526 -0.0631474 -0.0990535 -0.258481 -0.316827 -0.398822 -0.123523 -0.176785 -0.230259 0 0 0 -0.0321484 0.144528 -0.0128054 0.203875 0.31641 0.269253 0.415989 -0.624692 -0.590493 -0.529198 -0.467783 -0.636657 -0.610212 -0.561553 -0.493165 0.284235 0.421638 0.326621 0.477778 0.317391 0.423243 0.366365 0.479804 -0.610145 -0.686684 -0.556984 -0.628658 0 0 0 
-0.403291 -0.22071 -0.401919 0.165186 0.0130716 -0.526058 0 0 0.933575 -0.205072 -0.30121 -0.387779 -0.0894845 -0.0339458 -0.0742342 -0.126996 -0.231656 -0.161974 0.215595 0.184869 0.0999118 0.0211871 -0.0722336 -0.108554 -0.260728 -0.317324 -0.399274 -0.123523 -0.176785 -0.230259 0 0 0 -0.161385 0.0471077 -0.114598 0.214987 0.31641 0.275437 0.415989 -0.624808 -0.590493 -0.527659 -0.467783 -0.636324 -0.610212 -0.560155 -0.493165 0.297755 0.421638 0.333676 0.477778 0.327797 0.423243 0.372895 0.479804 -0.610145 -0.686684 -0.556984 -0.628658 0 0 0 
-0.400648 -0.169476 -0.367494 0.351645 0.139319 -0.526352 0 0 1.16354 -0.201086 -0.299118 -0.387187 -0.0833727 -0.0278518 -0.0913061 -0.144872 -0.199255 -0.138599 0.054389 0.157848 0.0551501 -0.0455212 -0.0933084 -0.118728 -0.263043 -0.317381 -0.399717 -0.123523 -0.176785 -0.230259 0 0 0 -0.506016 -0.147732 -0.292734 0.227161 0.31641 0.282457 0.415989 -0.625194 -0.590493 -0.526184 -0.467783 -0.636007 -0.610212 -0.558771 -0.493165 0.314704 0.421638 0.339963 0.477778 0.340636 0.423243 0.380343 0.479804 -0.610145 -0.686684 -0.556984 -0.628658 0 0 0 
-0.403629 -0.225703 -0.477091 0.358739 0.131938 -0.528601 0 0 1.16354 -0.198912 -0.297234 -0.385812 -0.0839583 -0.0145597 -0.0813485 -0.130813 -0.166045 -0.106381 -0.188407 0.0699458 0.0199028 -0.148912 -0.135068 -0.135077 -0.262349 -0.316677 -0.400075 -0.123523 -0.176785 -0.230259 0 0 0 -0.807568 -0.420508 -0.445423 0.237437 0.31641 0.291607 0.415989 -0.625488 -0.590493 -0.525036 -0.467783 -0.635628 -0.610212 -0.557511 -0.493165 0.331277 0.421638 0.35043 0.477778 0.352921 0.423243 0.387614 0.479804 -0.610145 -0.686684 -0.556984 -0.628658 0 0 0 
-0.40854 -0.344095 -0.441705 0.230773 -0.00280993 -0.529206 0 0 1.16354 -0.189695 -0.290805 -0.381882 0.0272653 0.0638667 -0.0277298 -0.0203474 -0.10653 -0.0701546 -0.312301 0.0155786 0.00368759 -0.167808 -0.131757 -0.150466 -0.260628 -0.315497 -0.400177 -0.123523 -0.176785 -0.230259 0 0 0 -0.850647 -0.790704 -0.572663 0.244244 0.31641 0.304554 0.415989 -0.625575 -0.590493 -0.524189 -0.467783 -0.635143 -0.610212 -0.5564 -0.493165 0.344783 0.421638 0.364578 0.477778 0.361979 0.423243 0.396793 0.479804 -0.610145 -0.686684 -0.556984 -0.628658 0 0 0 
-0.401269 -0.182111 -0.19835 0.300921 0.0652516 -0.526937 0 0 1.04856 -0.167886 -0.281148 -0.379463 0.240409 0.159022 0.00704266 -0.00767132 -0.0386919 -0.0899573 -0.278287 -0.0081263 -0.0366775 -0.137335 -0.103687 -0.167253 -0.259434 -0.314773 -0.400478 -0.123523 -0.176785 -0.230259 0 0 0 -0.592174 -0.985544 -0.776248 0.255105 0.31641 0.317677 0.415989 -0.625525 -0.590493 -0.523393 -0.467783 -0.6346 -0.610212 -0.555361 -0.493165 0.35927 0.421638 0.377912 0.477778 0.372187 0.423243 0.409388 0.479804 -0.610145 -0.686684 -0.556984 -0.628658 0 0 0 
-0.3851 0.0359075 -0.105301 0.317667 0.193143 -0.527025 0 0 0.703613 -0.155486 -0.277529 -0.380044 0.329097 0.173974 -0.0107082 -0.102304 -0.031253 -0.134692 -0.217654 -0.0540494 -0.0706477 -0.0885815 -0.114205 -0.185651 -0.258069 -0.314892 -0.400795 -0.123523 -0.176785 -0.230259 0 0 0 -0.592174 -0.849156 -0.928936 0.27129 0.31641 0.328133 0.415989 -0.625323 -0.590493 -0.522503 -0.467783 -0.634085 -0.610212 -0.554388 -0.493165 0.373657 0.421638 0.390208 0.477778 0.384726 0.423243 0.41882 0.479804 -0.610145 -0.686684 -0.556984 -0.628658 0 0 0 
-0.382845 0.0587405 -0.147161 0.0885098 0.0989341 -0.527186 0 0 0.703613 -0.160964 -0.281147 -0.381674 0.255971 0.109742 -0.0499915 -0.21469 -0.074666 -0.135302 -0.10103 -0.107934 -0.0964397 -0.14711 -0.1361 -0.202979 -0.253983 -0.314441 -0.401231 -0.123523 -0.176785 -0.230259 0 0 0 -0.807568 -0.732252 -0.954384 0.287589 0.31641 0.33959 0.415989 -0.624679 -0.590493 -0.521734 -0.467783 -0.633541 -0.610212 -0.553557 -0.493165 0.383236 0.421638 0.405624 0.477778 0.394991 0.423243 0.430457 0.479804 -0.610145 -0.686684 -0.556984 -0.628658 0 0 0 
-0.388727 -0.00304543 -0.29796 -0.000573601 0.0304436 -0.525898 0 0 0.818594 -0.165609 -0.283557 -0.382534 0.200609 0.0606515 -0.0756148 -0.288797 -0.107076 -0.116997 0.127444 -0.0974636 -0.115066 -0.120817 -0.13027 -0.209245 -0.250541 -0.314065 -0.401734 -0.123523 -0.176785 -0.230259 0 0 0 -1.02296 -0.654316 -0.788972 0.301868 0.31641 0.34926 0.415989 -0.623681 -0.590493 -0.521252 -0.467783 -0.632978 -0.610212 -0.552882 -0.493165 0.390859 0.421638 0.420697 0.477778 0.403595 0.423243 0.441591 0.479804 -0.610145 -0.686684 -0.556984 -0.628658 0 0 0 
-0.382338 0.0632788 -0.343624 0.109284 0.194341 -0.526681 0 0 0.818594 -0.165057 -0.283391 -0.383731 0.168952 0.0387246 -0.0953638 -0.275581 -0.0769041 -0.0931629 0.285654 -0.0743514 -0.11736 -0.0911504 -0.143472 -0.212879 -0.249013 -0.314074 -0.402295 -0.123523 -0.176785 -0.230259 0 0 0 -0.979883 -0.556896 -0.610835 0.317389 0.31641 0.355666 0.415989 -0.622548 -0.590493 -0.521011 -0.467783 -0.632431 -0.610212 -0.552334 -0.493165 0.400312 0.421638 0.432982 0.477778 0.415184 0.423243 0.449801 0.479804 -0.610145 -0.686684 -0.556984 -0.628658 0 0 0 
-0.356476 0.253621 -0.364998 0.444555 0.205186 -0.525735 0 0 0.933575 -0.170626 -0.288822 -0.387209 0.052203 -0.0112869 -0.132928 -0.0780555 -0.0106231 -0.0482145 0.27547 -0.112525 -0.136265 -0.115495 -0.169707 -0.218439 -0.248615 -0.314458 -0.402493 -0.123523 -0.176785 -0.230259 0 0 0 -0.893726 -0.439992 -0.470871 0.337134 0.31641 0.365886 0.415989 -0.621404 -0.590493 -0.520828 -0.467783 -0.631935 -0.610212 -0.551865 -0.493165 0.41566 0.421638 0.446159 0.477778 0.426663 0.423243 0.459053 0.479804 -0.610145 -0.686684 -0.556984 -0.628658 0 0 0 
-0.357424 0.247991 -0.263697 0.650559 0.286434 -0.523879 0 0 1.04856 -0.187949 -0.29895 -0.392548 -0.0923241 -0.094542 -0.192667 0.214945 0.0415187 -0.0239673 0.128939 -0.177911 -0.18811 -0.146408 -0.184118 -0.244633 -0.249307 -0.314923 -0.402524 -0.123523 -0.176785 -0.230259 0 0 0 -0.678331 -0.28412 -0.330906 0.356201 0.31641 0.381116 0.415989 -0.620364 -0.590493 -0.520961 -0.467783 -0.631494 -0.610212 -0.551473 -0.493165 0.434319 0.421638 0.459244 0.477778 0.439383 0.423243 0.470417 0.479804 -0.610145 -0.686684 -0.556984 -0.628658 0 0 0 
-0.378087 0.101793 -0.153496 0.682077 0.0646826 -0.520777 0 0 1.04856 -0.200355 -0.305386 -0.394954 -0.173215 -0.158336 -0.240044 0.37996 0.0658286 -0.0267391 -0.109174 -0.258012 -0.252547 -0.110939 -0.204424 -0.256374 -0.251873 -0.316363 -0.402839 -0.123523 -0.176785 -0.230259 0 0 0 -0.247543 -0.147732 -0.165494 0.371276 0.31641 0.396454 0.415989 -0.619614 -0.590493 -0.521406 -0.467783 -0.631194 -0.610212 -0.5511 -0.493165 0.453036 0.421638 0.467957 0.477778 0.447569 0.423243 0.479721 0.479804 -0.610145 -0.686684 -0.556984 -0.628658 0 0 0 
-0.382313 0.0634872 -0.277395 0.600404 0.0863411 -0.520516 0 0 0.933575 -0.200321 -0.307265 -0.394383 -0.173031 -0.185027 -0.262273 0.429868 0.0899766 0.00275273 -0.322485 -0.306967 -0.31656 -0.0380226 -0.179749 -0.262825 -0.256885 -0.318639 -0.403257 -0.123523 -0.176785 -0.215688 0 0 0 0.0970882 -0.0503123 -0.0637015 0.385049 0.31641 0.409891 0.415989 -0.619391 -0.590493 -0.521744 -0.467783 -0.631103 -0.610212 -0.550654 -0.493165 0.469815 0.421638 0.47489 0.477778 0.45594 0.423243 0.487519 0.479804 -0.610145 -0.686684 -0.556984 -0.628658 0 0 0 
-0.366082 0.193484 -0.128867 0.348343 0.201481 -0.52122 0 0 0.358671 -0.201566 -0.312841 -0.394683 -0.188267 -0.244766 -0.285636 0.408433 0.080172 0.0541369 -0.494164 -0.338366 -0.358232 -0.0423347 -0.172736 -0.282689 -0.261743 -0.321346 -0.403616 -0.123523 -0.176785 -0.162042 0 0 0 0.0540093 -0.0697963 -8.13628e-05 0.401471 0.31641 0.424498 0.415989 -0.619658 -0.590493 -0.521844 -0.467783 -0.63125 -0.610212 -0.550082 -0.493165 0.481766 0.421638 0.483488 0.477778 0.46621 0.423243 0.498023 0.479804 -0.610145 -0.686684 -0.556984 -0.628658 0 0 0 
-0.343928 0.320033 0.265543 0.284547 0.313191 -0.522492 0 0 0.358671 -0.22098 -0.324348 -0.397768 -0.299509 -0.353512 -0.319712 0.218186 0.0257278 0.030288 -0.631854 -0.354293 -0.348281 -0.0760181 -0.194361 -0.308805 -0.266896 -0.323184 -0.403809 -0.123523 -0.176785 -0.0692722 0 0 0 -0.161385 -0.1867 -0.0128054 0.42036 0.31641 0.443078 0.415989 -0.620425 -0.590493 -0.521786 -0.467783 -0.631551 -0.610212 -0.549443 -0.493165 0.492312 0.421638 0.497447 0.477778 0.478242 0.423243 0.508427 0.479804 -0.610145 -0.686684 -0.556984 -0.628658 0 0 0 
-0.355101 0.261634 0.35948 0.239996 0.313169 -0.523927 0 0 0.358671 -0.237512 -0.335095 -0.40317 -0.392662 -0.438845 -0.367503 -0.145849 -0.0633067 -0.10229 -0.567443 -0.331127 -0.333473 -0.132934 -0.225362 -0.32529 -0.269078 -0.32314 -0.403764 -0.123523 -0.176785 0.0630668 0 0 0 -0.376779 -0.264636 -0.0382535 0.437446 0.31641 0.461021 0.415989 -0.621385 -0.590493 -0.521554 -0.467783 -0.631841 -0.610212 -0.548836 -0.493165 0.501833 0.421638 0.514418 0.477778 0.489965 0.423243 0.519956 0.479804 -0.610145 -0.686684 -0.556984 -0.628658 0 0 0 
-0.380825 0.0776359 0.132933 0.114394 0.287858 -0.522264 0 0 0.24369 -0.23619 -0.335345 -0.407738 -0.38096 -0.442775 -0.417913 -0.372795 -0.120178 -0.255955 -0.36643 -0.260938 -0.327491 -0.175925 -0.228184 -0.367367 -0.271523 -0.32302 -0.403515 -0.123523 -0.176785 0.235114 0 0 0 -0.678331 -0.303604 -0.101874 0.449999 0.31641 0.475207 0.415989 -0.622555 -0.590493 -0.520813 -0.467783 -0.632113 -0.610212 -0.548197 -0.493165 0.50901 0.421638 0.531442 0.477778 0.500943 0.423243 0.527375 0.479804 -0.610145 -0.686684 -0.556984 -0.628658 0 0 0 
-0.377472 0.107076 -0.149195 0.387203 0.319098 -0.523155 0 0 0.358671 -0.232972 -0.330561 -0.41105 -0.358485 -0.414645 -0.461014 -0.388404 -0.0813575 -0.339452 -0.186258 -0.235722 -0.320421 -0.260791 -0.262611 -0.396355 -0.273269 -0.322941 -0.403493 -0.123523 -0.153535 0.432814 0 0 0 -0.936805 -0.38154 -0.15277 0.462887 0.31641 0.488168 0.415989 -0.623861 -0.590493 -0.519664 -0.467783 -0.632372 -0.610212 -0.547533 -0.493165 0.520516 0.421638 0.546703 0.477778 0.512193 0.423243 0.534963 0.479804 -0.610145 -0.686684 -0.556984 -0.628658 0 0 0 
-0.362721 0.21552 -0.166082 0.300012 0.241588 -0.524611 0 0 0.588632 -0.242833 -0.329549 -0.41622 -0.424631 -0.415993 -0.523399 -0.371956 -0.0166283 -0.379039 -0.126111 -0.270739 -0.328621 -0.330696 -0.304971 -0.422766 -0.27392 -0.32215 -0.403396 -0.123523 -0.0679398 0.631926 0 0 0 -1.02296 -0.401024 -0.178218 0.477813 0.31641 0.503621 0.415989 -0.625195 -0.590493 -0.518359 -0.467783 -0.63256 -0.610212 -0.54689 -0.493165 0.530315 0.421638 0.557573 0.477778 0.521827 0.423243 0.544271 0.479804 -0.610145 -0.686684 -0.556984 -0.628658 0 0 0 
-0.375269 0.12536 -0.0325409 0.00284642 0.196988 -0.526334 0 0 0.473652 -0.245489 -0.32817 -0.421993 -0.441206 -0.411677 -0.598559 -0.26413 -0.0191363 -0.410296 -0.0447435 -0.230141 -0.329192 -0.306732 -0.310863 -0.443021 -0.27124 -0.320943 -0.400455 -0.123523 0.0800794 0.832555 0 0 0 -0.850647 -0.401024 -0.21639 0.49044 0.31641 0.521396 0.415989 -0.62625 -0.590493 -0.517043 -0.467783 -0.632646 -0.610212 -0.546306 -0.493165 0.535084 0.421638 0.567165 0.477778 0.530465 0.423243 0.555176 0.479804 -0.610145 -0.686684 -0.556984 -0.628658 0 0 0 
-0.383087 0.0559935 0.00871188 0.323599 0.212757 -0.524623 0 0 0.358671 -0.22722 -0.322511 -0.424954 -0.336031 -0.371571 -0.636531 -0.0682016 -0.141811 -0.448651 0.05709 -0.156899 -0.300208 -0.255284 -0.305497 -0.460421 -0.266125 -0.319724 -0.396026 -0.123523 0.291234 1.03443 0 0 0 -0.72141 -0.459476 -0.28001 0.501291 0.31641 0.537475 0.415989 -0.626812 -0.590493 -0.515845 -0.467783 -0.632632 -0.610212 -0.545787 -0.493165 0.544847 0.421638 0.575824 0.477778 0.539161 0.423243 0.565801 0.479804 -0.610145 -0.686684 -0.556984 -0.628658 0 0 0 
-0.37526 0.125456 0.144342 0.464084 0.157163 -0.526727 0 0 0.358671 -0.20652 -0.320334 -0.425482 -0.21409 -0.358773 -0.641751 0.0915853 -0.313453 -0.526675 0.0849498 -0.141865 -0.277665 -0.16626 -0.312908 -0.473308 -0.261178 -0.31797 -0.384534 -0.123523 0.565744 1.23736 0 0 0 -0.635253 -0.556896 -0.330906 0.513339 0.31641 0.549289 0.415989 -0.626914 -0.590493 -0.514982 -0.467783 -0.632481 -0.610212 -0.545434 -0.493165 0.556589 0.421638 0.582352 0.477778 0.546724 0.423243 0.575751 0.479804 -0.610145 -0.686684 -0.556984 -0.628658 0 0 0 
-0.372321 0.148556 0.0951569 0.500954 0.231508 -0.527793 0 0 0.24369 -0.197019 -0.324388 -0.426231 -0.171002 -0.398534 -0.648881 0.195168 -0.452602 -0.623142 0.0278045 -0.146255 -0.29083 -0.138805 -0.340904 -0.485311 -0.253163 -0.315333 -0.368506 -0.0634419 0.881185 1.44087 0 0 0 -0.635253 -0.615348 -0.394527 0.525582 0.31641 0.561416 0.415989 -0.626299 -0.590493 -0.514725 -0.467783 -0.632128 -0.610212 -0.545327 -0.493165 0.568628 0.421638 0.592818 0.477778 0.555333 0.423243 0.585948 0.479804 -0.610145 -0.686684 -0.556984 -0.628658 0 0 0 
-0.382055 0.0659293 0.00645388 0.314292 0.218361 -0.528426 0 0 0.24369 -0.18388 -0.328173 -0.427359 -0.099497 -0.436888 -0.660378 0.253366 -0.548638 -0.665667 0.0151812 -0.145791 -0.330725 -0.132759 -0.373781 -0.497445 -0.244488 -0.312227 -0.345973 0.157749 1.19888 1.64458 0 0 0 -0.678331 -0.693284 -0.496319 0.535849 0.31641 0.575462 0.415989 -0.624935 -0.590493 -0.515032 -0.467783 -0.631545 -0.610212 -0.5455 -0.493165 0.577518 0.421638 0.60173 0.477778 0.563527 0.423243 0.594679 0.479804 -0.610145 -0.686684 -0.556984 -0.628658 0 0 0 
-0.37842 0.0989885 0.220906 0.262258 0.324848 -0.524886 0 0 0.24369 -0.162947 -0.328616 -0.427161 0.0231901 -0.449427 -0.658508 0.155093 -0.615579 -0.693481 0.0875025 -0.16444 -0.360895 -0.162765 -0.393422 -0.511562 -0.238255 -0.305042 -0.317484 0.540253 1.51899 1.84824 0 0 0 -0.807568 -0.712768 -0.572663 0.54655 0.31641 0.587344 0.415989 -0.623058 -0.590493 -0.515916 -0.467783 -0.630428 -0.610212 -0.545854 -0.493165 0.585412 0.421638 0.606067 0.477778 0.573245 0.423243 0.602509 0.479804 -0.610145 -0.686684 -0.556984 -0.628658 0 0 0 
-0.369636 0.168482 0.238782 0.427045 0.284948 -0.519229 0 0 0.12871 -0.159376 -0.32679 -0.426718 0.0455863 -0.447801 -0.657684 -0.199749 -0.679566 -0.759111 0.0448228 -0.163524 -0.35618 -0.206579 -0.414531 -0.535231 -0.238564 -0.297406 -0.279112 1.08591 1.8411 2.05196 0 0 0 -0.936805 -0.77122 -0.674455 0.558397 0.31641 0.597555 0.415989 -0.621251 -0.590493 -0.51702 -0.467783 -0.628763 -0.610212 -0.546195 -0.493165 0.595603 0.421638 0.614947 0.477778 0.582108 0.423243 0.61039 0.479804 -0.610145 -0.686684 -0.556984 -0.628658 0 0 0 
-0.352495 0.275942 0.224304 0.653056 0.382745 -0.518493 0 0 0.12871 -0.178678 -0.328647 -0.429106 -0.0796296 -0.461114 -0.680965 -0.631781 -0.780082 -0.841617 -0.0840374 -0.17137 -0.354634 -0.326047 -0.454099 -0.567261 -0.241039 -0.278358 -0.223398 1.79528 2.16489 2.25595 0 0 0 -0.979883 -0.86864 -0.81442 0.572103 0.31641 0.608893 0.415989 -0.619696 -0.590493 -0.518367 -0.467783 -0.625719 -0.610212 -0.546515 -0.493165 0.608922 0.421638 0.625627 0.477778 0.592308 0.423243 0.617245 0.479804 -0.610145 -0.686684 -0.556984 -0.628658 0 0 0 
-0.343463 0.322214 0.385789 0.634514 0.20135 -0.517785 24.3828 0 0.358671 -0.209637 -0.337382 -0.433393 -0.277495 -0.515764 -0.710818 -0.997701 -0.947279 -0.903419 -0.237146 -0.225184 -0.347622 -0.422262 -0.473098 -0.598682 -0.246189 -0.251548 -0.161722 2.55035 2.46635 2.44601 0 0 0 -0.979883 -0.907608 -0.979832 0.586411 0.31641 0.620415 0.415989 -0.618608 -0.590493 -0.519871 -0.467783 -0.620771 -0.610212 -0.54682 -0.493165 0.621674 0.421638 0.636577 0.477778 0.599463 0.423243 0.625047 0.479804 -0.599963 -0.531788 -0.556984 -0.628658 0 0 0 
-0.344692 0.316238 0.407687 0.380299 0.152909 -0.517401 89.7663 0 0.24369 -0.242897 -0.347586 -0.437371 -0.485152 -0.578316 -0.73889 -1.35007 -1.09762 -0.988687 -0.315128 -0.264455 -0.312775 -0.436488 -0.448429 -0.618569 -0.252154 -0.213783 -0.0821624 3.09005 2.68253 2.58301 0 0 0 -0.850647 -0.96606 -0.890764 0.600288 0.31641 0.630076 0.415989 -0.618041 -0.590493 -0.521407 -0.467783 -0.613187 -0.582523 -0.547041 -0.493165 0.630451 0.421638 0.644663 0.477778 0.605717 0.423243 0.632474 0.479804 -0.563 -0.116429 -0.556984 -0.628658 0 0 0 
-0.346432 0.307703 0.128534 0.550066 0.191744 -0.517446 155.233 0 0.24369 -0.278907 -0.354675 -0.440779 -0.715954 -0.619436 -0.760355 -1.5775 -1.16186 -1.05057 -0.46098 -0.328935 -0.295733 -0.425435 -0.442321 -0.625974 -0.243899 -0.164842 0.000243214 3.31358 2.77387 2.64231 0 0 0 -0.850647 -1.00503 -0.827144 0.6137 0.31641 0.640146 0.415989 -0.616807 -0.590493 -0.522621 -0.467783 -0.602248 -0.542986 -0.547143 -0.493165 0.641477 0.421638 0.651843 0.477778 0.612424 0.423243 0.641282 0.479804 -0.500097 0.299457 -0.556984 -0.628658 0 0 0 
-0.364034 0.207519 -0.464301 0.525037 0.252366 -0.518341 221.444 0 0.24369 -0.303327 -0.362327 -0.442185 -0.87259 -0.672077 -0.773388 -1.45483 -1.09445 -0.984678 -0.566753 -0.415998 -0.316414 -0.428354 -0.460667 -0.615454 -0.225954 -0.0965926 0.124428 3.21779 2.73973 2.62288 0 0 0 -0.893726 -0.946576 -0.776248 0.624927 0.31641 0.651294 0.415989 -0.614137 -0.590493 -0.523268 -0.467783 -0.586688 -0.487853 -0.547127 -0.493165 0.65191 0.421638 0.661112 0.477778 0.6199 0.423243 0.649315 0.479804 -0.411788 0.720078 -0.556984 -0.628658 0 0 0 
-0.386366 0.0227402 -0.710232 0.269138 0.0174617 -0.517567 287.888 0 0.24369 -0.302791 -0.366136 -0.44065 -0.862955 -0.704465 -0.759933 -1.13693 -0.934759 -0.805867 -0.459912 -0.418318 -0.346592 -0.423663 -0.473025 -0.586597 -0.164778 0.00434316 0.257236 2.79949 2.57955 2.52391 0 0 0 -0.936805 -0.888124 -0.801696 0.632455 0.31641 0.664193 0.415989 -0.606592 -0.590493 -0.523386 -0.467783 -0.564355 -0.406314 -0.546949 -0.493165 0.658522 0.421638 0.673226 0.477778 0.623721 0.423243 0.65856 0.479804 -0.298792 1.14217 -0.556984 -0.628658 0 0 0 
-0.396601 -0.105161 -0.520644 0.24441 0.0746061 -0.518849 330.814 0 -0.101252 -0.279574 -0.360243 -0.437721 -0.692558 -0.649121 -0.727775 -0.827342 -0.7073 -0.634693 -0.237778 -0.344328 -0.387158 -0.309603 -0.455233 -0.563704 -0.0787574 0.115551 0.410583 2.11405 2.3161 2.35844 0 0 0 -0.936805 -0.693284 -0.81442 0.637454 0.31641 0.677656 0.415989 -0.592344 -0.520808 -0.522678 -0.467783 -0.534747 -0.316476 -0.546534 -0.493165 0.664651 0.421638 0.684824 0.477778 0.628303 0.423243 0.665045 0.479804 -0.171193 1.41487 -0.545795 -0.467728 0 0 0 
-0.397378 -0.116563 -0.251554 0.218921 0.0706591 -0.518163 333.176 0 0.013729 -0.250373 -0.349923 -0.432208 -0.473778 -0.556509 -0.670063 -0.414265 -0.547709 -0.522871 -0.117754 -0.239826 -0.399252 -0.224675 -0.445745 -0.535051 0.0433507 0.259369 0.567871 1.37793 2.0104 2.16455 0 0 0 -0.549095 -0.47896 -0.852592 0.642139 0.31641 0.690715 0.415989 -0.568754 -0.417575 -0.521107 -0.467783 -0.495844 -0.200296 -0.545847 -0.493165 0.6703 0.421638 0.692807 0.477778 0.632732 0.423243 0.670713 0.479804 -0.0453263 1.42988 -0.50518 -0.0361888 0 0 0 
-0.397354 -0.116038 -0.0833044 0.0644461 0.166766 -0.491516 335.716 0 0.24369 -0.220096 -0.342813 -0.423501 -0.244225 -0.484805 -0.59186 -0.0347309 -0.492849 -0.442578 -0.0751616 -0.144091 -0.405567 -0.204751 -0.443082 -0.530397 0.186483 0.403598 0.745406 0.790664 1.70082 1.96135 0 0 0 -0.419858 -0.362056 -0.890764 0.646738 0.31641 0.703337 0.415989 -0.534469 -0.296569 -0.518947 -0.467783 -0.447905 -0.0837835 -0.544532 -0.493165 0.673728 0.421638 0.702836 0.477778 0.638455 0.423243 0.676792 0.479804 0.0789285 1.44601 -0.436059 0.395897 0 0 0 
-0.391917 -0.0412197 -0.225984 0.412799 0.108573 -0.478502 337.803 0 0.358671 -0.197063 -0.338659 -0.401079 -0.0772683 -0.440003 -0.489853 0.179393 -0.398888 -0.312498 0.0254612 -0.110013 -0.442014 -0.204724 -0.406815 -0.509481 0.368448 0.61752 0.94614 0.353509 1.38678 1.71456 0 0 0 -0.419858 -0.323088 -0.979832 0.652587 0.31641 0.713902 0.415989 -0.486813 -0.142732 -0.516867 -0.467783 -0.386501 0.0890293 -0.542572 -0.493165 0.681786 0.421638 0.712325 0.477778 0.643231 0.423243 0.683567 0.479804 0.201448 1.45927 -0.339022 0.832902 0 0 0 
-0.379451 0.089915 -0.556371 0.771212 0.00205551 -0.406226 339.569 0 0.473652 -0.191129 -0.334997 -0.363203 -0.0405802 -0.406775 -0.394476 0.247395 -0.192631 -0.112265 -0.029739 -0.179027 -0.484495 -0.180495 -0.34819 -0.462822 0.603901 0.833263 1.14736 0.0711687 1.06863 1.4247 0 0 0 -0.462937 -0.459476 -0.801696 0.660649 0.31641 0.720985 0.415989 -0.422097 0.0563239 -0.515076 -0.467783 -0.31192 0.263314 -0.538988 -0.493165 0.694467 0.421638 0.718339 0.477778 0.646406 0.423243 0.687031 0.479804 0.322163 1.47049 -0.214858 1.27144 0 0 0 
-0.37355 0.139277 -0.62064 0.700631 0.126998 -0.362616 340.53 0 0.473652 -0.191808 -0.330089 -0.313739 -0.0502516 -0.373888 -0.298785 0.464422 0.0853058 0.146838 -0.162873 -0.28854 -0.533318 -0.185463 -0.306847 -0.408683 0.80861 1.06561 1.36071 -0.0515411 0.746061 1.0929 0 0 0 -0.376779 -0.634832 -0.547215 0.66942 0.31641 0.72569 0.415989 -0.343163 0.229388 -0.513824 -0.467783 -0.223457 0.451011 -0.533165 -0.493165 0.705962 0.421638 0.723913 0.477778 0.651265 0.423243 0.691184 0.479804 0.440825 1.47659 -0.0746474 1.55476 0 0 0 
-0.378922 0.0950059 -0.0444771 0.282762 0.254909 -0.298764 340.866 0 0.588632 -0.190489 -0.321514 -0.257561 -0.0720475 -0.320251 -0.198327 0.58498 0.328311 0.357668 -0.125584 -0.338004 -0.556624 -0.269852 -0.303019 -0.380643 1.05534 1.28628 1.55288 -0.0692658 0.443361 0.720406 0 0 0 -0.462937 -0.888124 -0.254562 0.677245 0.31641 0.730099 0.415989 -0.247281 0.437981 -0.513171 -0.467783 -0.12229 0.629272 -0.524236 -0.461263 0.711759 0.421638 0.729052 0.477778 0.657798 0.423243 0.695198 0.479804 0.557262 1.47873 0.0636587 1.57035 0 0 0 
-0.375808 0.121564 0.280547 0.0641578 0.157472 -0.233856 340.793 0 0.358671 -0.193662 -0.309486 -0.144155 -0.117054 -0.250729 -0.0792307 0.411095 0.456436 0.495837 0.0546679 -0.345707 -0.534832 -0.351488 -0.32553 -0.365175 1.24792 1.52615 1.75302 -0.0797394 0.192571 0.321473 0 0 0 -0.549095 -0.927092 0.0635388 0.685375 0.31641 0.734426 0.415989 -0.138971 0.600787 -0.51175 -0.467783 -0.00754685 0.823052 -0.511359 -0.415711 0.714608 0.421638 0.732169 0.477778 0.662868 0.423243 0.700385 0.479804 0.671389 1.47873 0.200194 1.58711 0 0 0 
-0.38637 0.0226328 0.139382 0.307747 0.0836973 -0.12404 340.874 0 0.358671 -0.201104 -0.269787 0.0263932 -0.186886 -0.111967 0.0631143 0.256592 0.576778 0.650267 0.109339 -0.32685 -0.509713 -0.297103 -0.290448 -0.299826 1.59647 1.78463 1.95768 -0.0841263 -0.0609477 -0.0705786 0 0 0 -0.506016 -0.654316 0.356192 0.691656 0.31641 0.73993 0.415989 -0.0071208 0.895458 -0.508676 -0.467783 0.121572 1.03186 -0.493043 -0.352189 0.720529 0.421638 0.739498 0.477778 0.666837 0.423243 0.704714 0.479804 0.78333 1.47878 0.334823 1.60088 0 0 0 
-0.392786 -0.0516769 -0.134746 0.450201 -0.0530148 0.0587169 341.345 0 0.473652 -0.197026 -0.199154 0.178012 -0.152698 0.0666041 0.224139 0.294618 0.703315 0.84126 0.0579938 -0.320029 -0.511023 -0.180824 -0.206009 -0.232341 1.83998 2.00682 2.14118 -0.0858541 -0.316912 -0.454459 0 0 0 -0.72141 -0.362056 0.674293 0.696558 0.31641 0.747517 0.415989 0.139937 1.10133 -0.49999 -0.467783 0.262344 1.21135 -0.466753 -0.258244 0.728147 0.421638 0.751032 0.477778 0.668892 0.423243 0.707592 0.479804 0.893288 1.48177 0.467469 1.61254 0 0 0 
-0.368299 0.178207 0.118252 0.699177 0.0933999 0.118321 342.412 0 0.933575 -0.191337 -0.112606 0.300333 -0.102687 0.212783 0.372971 0.251479 0.808473 1.02599 -0.0797667 -0.379797 -0.536055 -0.159999 -0.129336 -0.169733 2.10501 2.2292 2.31315 -0.0917089 -0.575288 -0.830428 0 0 0 -0.893726 0.125044 1.05601 0.705222 0.31641 0.755771 0.415989 0.303321 1.32539 -0.483588 -0.387156 0.414447 1.391 -0.4319 -0.154738 0.738756 0.421638 0.761487 0.477778 0.672858 0.423243 0.711995 0.479804 1.00153 1.48855 0.597859 1.61889 0 0 0 
-0.352639 0.275791 0.180508 0.880014 -0.00172205 0.302942 343.389 0 0.933575 -0.193082 -0.0221412 0.46637 -0.112435 0.298387 0.506702 0.112456 0.903175 1.20632 -0.334657 -0.512326 -0.577012 -0.0917337 -0.0716907 -0.107657 2.28151 2.38879 2.45625 -0.105776 -0.858386 -1.18962 0 0 0 -0.0752273 0.768015 1.45046 0.715342 0.31641 0.763134 0.415989 0.476239 1.4746 -0.456432 -0.267716 0.573641 1.51991 -0.386104 -0.0208808 0.751419 0.421638 0.76676 0.477778 0.675494 0.423243 0.717917 0.479804 1.10808 1.49475 0.725804 1.6211 0 0 0 
-0.365131 0.201692 0.0188916 0.809731 0.0427833 0.333232 344.232 0 0.703613 -0.189309 0.169507 0.770799 -0.11146 0.41677 0.658904 0.270401 1.0892 1.41712 -0.733377 -0.64295 -0.60597 -0.017239 -0.0230445 -0.0128173 2.50553 2.54784 2.59584 -0.14982 -1.1829 -1.50336 0 0 0 0.570956 1.41099 1.81946 0.724055 0.31641 0.770785 0.415989 0.661791 1.66399 -0.416963 -0.12771 0.739694 1.6484 -0.329672 0.113359 0.762978 0.421638 0.769351 0.477778 0.678662 0.423243 0.722512 0.479804 1.21294 1.50011 0.851211 1.6211 0 0 0 
-0.38307 0.056292 0.0867465 0.514232 0.273553 0.76292 344.171 0 0.588632 -0.0987045 0.464558 1.04886 0.117303 0.587096 0.827119 0.736506 1.33633 1.60704 -1.0698 -0.735678 -0.586807 0.038215 0.0502357 0.0609432 2.66571 2.66871 2.72761 -0.364316 -1.49474 -1.76736 0 0 0 1.34638 1.95654 2.12483 0.730236 0.31641 0.776696 0.415989 0.855146 1.79941 -0.362101 0.0502798 0.910078 1.74605 -0.25739 0.312466 0.770705 0.421638 0.774737 0.477778 0.68476 0.423243 0.72611 0.479804 1.31583 1.50011 0.974215 1.62116 0 0 0 
-0.377242 0.112021 0.333126 0.150954 0.347908 0.85284 343.715 0 -0.101252 0.0771651 0.725086 1.21813 0.412971 0.774744 0.978033 1.11462 1.50605 1.6936 -1.08689 -0.72873 -0.535648 0.0362297 0.0668293 0.103674 2.64798 2.71216 2.77639 -0.745447 -1.79054 -1.97172 0 0 0 1.82024 2.34622 2.31569 0.737203 0.31641 0.781309 0.415989 1.04372 1.79941 -0.2876 0.280589 1.07997 1.78115 -0.169595 0.513267 0.773884 0.421638 0.781666 0.477778 0.6917 0.423243 0.727972 0.479804 1.41668 1.50011 1.09504 1.62426 0 0 0 
-0.367686 0.182671 0.423587 -0.14286 0.114588 1.06176 341.812 0 -0.216232 0.304035 0.933786 1.3644 0.679086 0.951342 1.09408 1.29741 1.56317 1.7212 -0.876021 -0.623391 -0.455085 0.0882275 0.0719995 0.129182 2.70033 2.7373 2.79471 -1.28577 -2.06832 -2.11709 0 0 0 2.16487 2.58003 2.41749 0.745175 0.31641 0.789462 0.415989 1.23247 1.82868 -0.196731 0.480825 1.24829 1.80146 -0.0654588 0.729523 0.773473 0.421638 0.791314 0.477778 0.695548 0.423243 0.731566 0.479804 1.51504 1.50011 1.21398 1.63131 0 0 0 
-0.351665 0.286253 0.544642 -0.0854651 0.214658 1.10254 339.562 0 -0.791136 0.561693 1.22109 1.6769 0.975485 1.12728 1.20917 1.51674 1.59471 1.77011 -0.585564 -0.472339 -0.358034 0.168713 0.131467 0.210525 2.58697 2.71654 2.75094 -1.97785 -2.33576 -2.2093 0 0 0 2.12179 2.67745 2.46838 0.754646 0.31641 0.798986 0.415989 1.41009 1.82868 -0.0863506 0.722169 1.41234 1.80146 0.0536314 0.934906 0.773753 0.421638 0.802832 0.477778 0.700587 0.423243 0.733955 0.479804 1.61087 1.50011 1.33107 1.63775 0 0 0 
-0.329599 0.385323 0.669641 -0.101023 0.0589417 1.33941 328.881 0 -0.676155 1.08781 1.74596 2.04766 1.32615 1.30026 1.3098 1.75364 1.70652 1.8271 -0.217964 -0.313843 -0.279577 0.203781 0.261163 0.304423 2.53908 2.68951 2.67704 -2.74401 -2.57863 -2.27974 0 0 0 2.03564 2.65796 2.45566 0.765505 0.31641 0.807184 0.415989 1.58129 1.82868 0.0383359 0.910537 1.57186 1.80146 0.188703 1.15817 0.773844 0.421638 0.813345 0.477778 0.703591 0.423243 0.736827 0.479804 1.7014 1.50011 1.44628 1.64332 0 0 0 
-0.150257 0.804519 1.08155 -0.0125783 0.36193 1.6192 260.561 0 -1.13608 1.79632 2.19052 2.2504 1.52273 1.39698 1.34484 1.78305 1.78109 1.83149 0.143896 -0.176308 -0.230591 0.319639 0.357847 0.37607 2.34239 2.64974 2.56343 -3.28504 -2.72854 -2.29099 0 0 0 1.9064 2.58003 2.39204 0.782703 0.31641 0.813001 0.415989 1.73627 1.82868 0.190122 1.25147 1.72623 1.80146 0.340698 1.39874 0.774969 0.421638 0.820373 0.477778 0.710292 0.423243 0.742354 0.479804 1.76761 1.50011 1.55934 1.64332 0 0 0 
0.0572397 1.00917 1.29976 0.292812 0.530494 1.70779 192.337 0 -1.13608 2.2384 2.38513 2.32693 1.44095 1.36517 1.30944 1.58482 1.71196 1.74604 0.288629 -0.0793701 -0.182492 0.331063 0.373533 0.394 2.21807 2.50529 2.37322 -3.45471 -2.71666 -2.21925 0 0 0 1.64793 2.38519 2.27752 0.802759 0.31641 0.819558 0.415989 1.88026 1.82868 0.359415 1.48967 1.86951 1.80146 0.50641 1.60555 0.779616 0.421638 0.823264 0.477778 0.718944 0.423243 0.748644 0.479804 1.81016 1.50011 1.67016 1.64332 0 0 0 
0.204077 1.12355 1.3842 0.355412 0.705919 1.9504 124.902 0 -1.71098 2.39814 2.49097 2.46583 1.241 1.26832 1.27455 1.33898 1.54998 1.61703 0.199948 -0.00906479 -0.123379 0.226742 0.317566 0.379396 2.02835 2.33193 2.15181 -3.25483 -2.54646 -2.06394 0 0 0 1.43253 2.07344 2.08666 0.824218 0.323701 0.827059 0.415989 2.00926 1.82868 0.547503 1.7489 2.00032 1.80146 0.68546 1.81253 0.784902 0.421638 0.822891 0.477778 0.729579 0.423243 0.752131 0.479804 1.82993 1.50011 1.77824 1.64332 0 0 0 
0.280651 1.15634 1.4412 0.171036 0.530571 1.84131 58.0935 0 -1.82596 2.6931 2.86479 2.81107 1.05603 1.22517 1.25462 1.11424 1.44221 1.49073 0.128066 0.104443 -0.0321457 0.120259 0.341637 0.405088 1.85095 2.07692 1.90945 -2.71473 -2.20731 -1.82828 0 0 0 0.958666 1.54737 1.83218 0.845805 0.355149 0.835972 0.415989 2.12443 1.82868 0.746567 1.92155 2.11433 1.80146 0.872858 1.96106 0.787995 0.421638 0.823145 0.477778 0.737916 0.423243 0.756698 0.479804 1.82772 1.50011 1.88354 1.64332 0 0 0 
0.961266 1.4199 1.67237 0.323804 0.403738 2.05254 14.1201 0 -2.1709 3.3515 3.23604 3.00873 0.882538 1.16211 1.19541 0.900531 1.30939 1.38559 0.218548 0.22152 0.0279009 0.244338 0.402256 0.449413 1.73839 1.83074 1.66155 -1.87641 -1.74144 -1.52766 0 0 0 0.484798 0.943371 1.50135 0.870988 0.607916 0.84619 0.415989 2.23035 1.82868 0.960175 2.14067 2.21247 1.80146 1.06833 2.1091 0.792762 0.421638 0.823229 0.477778 0.744594 0.423243 0.759421 0.479804 1.81142 1.50011 1.98302 1.64332 0 0 0 
1.62233 1.56224 1.81158 0.445264 0.802345 2.27025 25.6428 0 -2.1709 3.33345 3.13937 2.92848 0.590189 1.00427 1.08066 0.583722 1.06802 1.25676 0.260813 0.280412 0.0141528 0.238198 0.409241 0.446271 1.72978 1.52847 1.36393 -0.93871 -1.22713 -1.20909 0 0 0 -0.247543 0.339368 1.17053 0.897868 0.744423 0.862374 0.415989 2.33393 1.82868 1.18277 2.29735 2.292 1.80146 1.2689 2.2216 0.798809 0.421638 0.824251 0.477778 0.755884 0.423243 0.765495 0.479804 1.79906 1.50011 2.05577 1.64332 0 0 0 
1.3739 1.51858 1.7602 0.313401 0.660703 2.33963 39.8681 0 -2.1709 2.70056 2.81335 2.72757 0.34805 0.78252 0.927677 0.323213 0.798454 1.08949 0.274685 0.310668 0.0128578 0.196508 0.390995 0.415976 1.53296 1.17499 1.05603 -0.151358 -0.737218 -0.915653 0 0 0 -0.893726 -0.225668 0.839705 0.923651 0.744423 0.881248 0.415989 2.42322 1.82868 1.39985 2.29735 2.35054 1.80146 1.4689 2.26204 0.803289 0.421638 0.828478 0.477778 0.765319 0.423243 0.773337 0.479804 1.79141 1.50011 2.10253 1.64332 0 0 0 
1.03022 1.43675 1.68814 0.161867 0.506496 2.46281 54.6446 0 -2.1709 2.29882 2.73757 2.70667 0.19828 0.61447 0.802989 0.17726 0.612341 0.928119 0.442031 0.349674 0.0651001 0.238611 0.415362 0.40819 1.27033 0.792397 0.802633 0.470122 -0.27307 -0.65956 0 0 0 -0.506016 -0.6738 0.487067 0.947803 0.744423 0.901442 0.4226 2.49445 1.82868 1.61715 2.33122 2.38701 1.80146 1.66703 2.28544 0.806025 0.421638 0.833286 0.477778 0.7728 0.423243 0.782975 0.479804 1.78851 1.50011 2.12426 1.64332 0 0 0 
1.57555 1.55701 1.79599 0.397441 0.731976 2.40967 60.3723 0 -2.05592 2.68684 3.02853 2.68347 0.174462 0.487922 0.698015 0.140023 0.470185 0.789053 0.605987 0.388696 0.133436 0.463894 0.452851 0.410289 0.888843 0.412197 0.544173 0.97808 0.168979 -0.40393 0 0 0 -0.0752273 -0.985544 0.0889869 0.973306 0.744423 0.921755 0.451119 2.5406 1.82868 1.82161 2.33122 2.40208 1.80146 1.86015 2.28544 0.811289 0.421638 0.836099 0.477778 0.782763 0.423243 0.790532 0.479804 1.78744 1.50011 2.12183 1.64332 0 0 0 
3.20779 1.78332 1.99285 0.92252 1.17401 2.58808 72.8703 0 -1.94094 2.51331 2.8507 2.45773 0.0637147 0.315354 0.566555 0.0336899 0.289865 0.623933 0.472188 0.344163 0.15324 0.491368 0.406716 0.353416 0.359486 0.013727 0.282095 1.32858 0.589193 -0.146532 0 0 0 0.226325 -0.712768 -0.289553 1.00166 0.956456 0.945454 0.680334 2.55312 1.82868 2.0187 2.33122 2.3953 1.80146 2.04793 2.28544 0.822158 0.421638 0.840435 0.477778 0.797631 0.423243 0.796585 0.479804 1.79024 1.50011 2.10391 1.64332 0 0 0 
2.86893 1.74302 1.96031 1.02994 1.12466 2.96784 91.4292 0 -1.71098 1.36586 2.19413 2.1202 -0.0825227 0.0998452 0.41002 -0.114885 0.0727812 0.426842 0.167549 0.169666 0.114556 0.308562 0.26822 0.271685 -0.316666 -0.467646 -0.0551663 1.53737 0.967388 0.104824 0 0 0 0.226325 -0.498444 -0.603895 1.02897 0.956456 0.970749 0.804121 2.52378 1.82868 2.19711 2.33122 2.36273 1.80146 2.22965 2.28544 0.834006 0.421638 0.845935 0.477778 0.811695 0.423243 0.806817 0.479804 1.79866 1.50011 2.09034 1.64332 0 0 0 
1.59484 1.56914 1.78799 0.823708 0.948456 2.63532 124.483 0 -1.48102 0.695963 1.65662 1.96569 -0.175785 -0.0549442 0.266471 -0.197114 -0.076627 0.262508 -0.0699582 0.0065186 0.0628199 0.241981 0.184857 0.230449 -1.13759 -0.895157 -0.362604 1.64789 1.21558 0.333259 0 0 0 0.0109305 -0.439992 -0.84623 1.05337 0.956456 0.995011 0.804121 2.44474 1.82868 2.36288 2.33122 2.30788 1.80146 2.39831 2.28544 0.843463 0.421638 0.850009 0.477778 0.823545 0.423243 0.815369 0.479804 1.81696 1.50011 2.08193 1.64332 0 0 0 
1.36193 1.50876 1.75514 0.815381 0.790879 2.62047 154.393 0 -1.48102 0.978108 1.64017 1.98008 -0.137555 -0.107276 0.157178 -0.156202 -0.125869 0.146869 -0.244161 -0.0691765 -0.00255052 0.230435 0.184303 0.23185 -1.76187 -1.19421 -0.647167 1.64434 1.34921 0.529075 0 0 0 -0.290622 -0.396694 -0.984074 1.07653 0.956456 1.01774 0.804121 2.32913 1.82868 2.51138 2.33122 2.23808 1.80146 2.5523 2.28544 0.85268 0.421638 0.852498 0.477778 0.833442 0.423243 0.822149 0.479804 1.84397 1.50011 2.07874 1.64332 0 0 0 
3.353 1.80065 1.99956 0.823995 1.35751 2.23331 196.26 0 -1.36604 1.48165 1.36172 1.74323 -0.118512 -0.179872 0.0156867 -0.133719 -0.197502 0.00507222 -0.358565 -0.14183 -0.0942514 0.180171 0.153211 0.160728 -2.1647 -1.39567 -0.867096 1.49844 1.35735 0.675165 0 0 0 -0.678331 -0.47896 -0.928936 1.10341 0.97307 1.04174 0.804121 2.19112 1.82868 2.64397 2.33122 2.15881 1.80146 2.68651 2.28544 0.861842 0.421638 0.857286 0.477778 0.849472 0.423243 0.831179 0.479804 1.88303 1.50011 2.07757 1.64332 0 0 0 
4.07726 1.86055 2.061 0.642881 1.47602 2.2007 217.394 0 -1.36604 0.703044 0.612191 1.18085 -0.205474 -0.306839 -0.160393 -0.209517 -0.31537 -0.165226 -0.373122 -0.212788 -0.158964 -0.0440849 0.0136611 0.0303942 -2.37482 -1.5633 -1.05808 1.20543 1.24343 0.777565 0 0 0 -1.02296 -0.612565 -0.919847 1.13069 1.03052 1.06842 0.996397 2.04274 1.82868 2.76591 2.33122 2.07205 1.80146 2.80203 2.28544 0.868974 0.421638 0.867172 0.477778 0.866554 0.423243 0.844654 0.479804 1.92774 1.50011 2.08064 1.64332 0 0 0 
2.30224 1.67935 1.88028 0.476477 1.22552 2.28261 234.911 0 -1.48102 0.231424 0.201796 0.85357 -0.246214 -0.372861 -0.30162 -0.243002 -0.372459 -0.296492 -0.287355 -0.213005 -0.179034 -0.186502 -0.122136 -0.0893227 -2.59477 -1.74466 -1.26976 0.842257 1.04553 0.840366 0 0 0 -0.72141 -0.790704 -0.884402 1.15505 1.03052 1.09412 0.996397 1.88367 1.82868 2.88514 2.33122 1.97727 1.80146 2.89565 2.28544 0.874275 0.421638 0.877948 0.477778 0.880633 0.423243 0.857401 0.479804 1.97689 1.50011 2.08989 1.64332 0 0 0 
1.19905 1.47755 1.71506 0.510107 1.02696 1.85077 235.125 0 -1.596 0.389286 0.50781 0.992749 -0.241447 -0.335793 -0.330828 -0.224186 -0.329654 -0.322742 -0.161242 -0.173652 -0.173337 -0.229984 -0.146651 -0.130361 -2.37088 -1.81109 -1.38726 0.440696 0.839883 0.849956 0 0 0 -0.592174 -0.927092 -0.865316 1.17628 1.03052 1.11708 0.996397 1.74021 1.82868 2.98794 2.33122 1.88055 1.80146 2.96456 2.28544 0.879839 0.421638 0.886549 0.477778 0.89234 0.423243 0.868142 0.479804 2.02533 1.50011 2.11001 1.64332 0 0 0 
2.2746 1.67097 1.89322 0.666831 1.03635 1.78904 237.565 0 -1.596 0.836379 0.743406 1.0743 -0.196387 -0.318442 -0.363516 -0.182434 -0.310712 -0.351133 -0.0554074 -0.176311 -0.170139 -0.212685 -0.155919 -0.135591 -2.0443 -1.79355 -1.45807 0.148718 0.638725 0.810308 0 0 0 -0.602943 -0.995286 -0.843049 1.1998 1.03052 1.13888 0.996397 1.618 1.82868 3.06993 2.33122 1.78622 1.80146 3.00749 2.28544 0.886912 0.421638 0.894933 0.477778 0.903969 0.423243 0.877112 0.479804 2.07374 1.50011 2.13968 1.64332 0 0 0 
4.91925 1.92827 2.12716 1.04482 1.45783 1.66367 236.796 0 -1.71098 -0.857602 -0.411774 0.0718025 -0.375936 -0.455846 -0.516828 -0.353808 -0.440603 -0.492934 -0.144503 -0.3444 -0.302459 -0.406992 -0.320039 -0.263084 -1.64799 -1.71529 -1.47621 -0.0853104 0.441794 0.721816 0 0 0 -0.663972 -0.914103 -0.839868 1.22643 1.09547 1.16417 1.01146 1.52057 1.82868 3.12307 2.33122 1.69728 1.80146 3.02524 2.28544 0.897691 0.421638 0.903266 0.477778 0.919919 0.423243 0.891641 0.479804 2.12119 1.50011 2.18261 1.64332 0 0 0 
3.94578 1.85022 2.06024 1.01438 1.28036 1.64498 234.372 0 -1.596 -3.14725 -2.12216 -1.3548 -0.600837 -0.66078 -0.738223 -0.579385 -0.637395 -0.696667 -0.439514 -0.621958 -0.568795 -0.56777 -0.511184 -0.439548 -1.43499 -1.64874 -1.51295 -0.228435 0.240102 0.583558 0 0 0 -0.72141 -0.790704 -0.916212 1.2516 1.09547 1.18984 1.06356 1.43685 1.82868 3.13748 2.33122 1.61302 1.80146 3.01726 2.28544 0.908003 0.421638 0.909752 0.477778 0.933748 0.423243 0.907123 0.479804 2.16723 1.50011 2.23173 1.64332 0 0 0 
2.01542 1.6376 1.85816 0.521217 1.00602 1.49812 232.045 0 -1.71098 -4.10928 -2.9772 -2.24362 -0.776885 -0.820732 -0.926237 -0.739005 -0.778955 -0.85765 -0.595644 -0.6823 -0.669652 -0.539889 -0.544129 -0.524906 -1.02803 -1.41832 -1.42103 -0.371328 0.00789113 0.378402 0 0 0 -0.807568 -0.732252 -0.979832 1.27359 1.09547 1.21277 1.06356 1.37758 1.82868 3.1037 2.33122 1.54149 1.80146 2.97892 2.28544 0.913256 0.421638 0.914574 0.477778 0.944484 0.423243 0.919883 0.479804 2.21192 1.50011 2.28574 1.64332 0 0 0 
1.01939 1.42781 1.68575 0.433617 0.968593 1.56974 215.64 0 -1.71098 -3.99229 -2.84957 -2.27703 -0.762588 -0.80562 -0.933308 -0.730802 -0.763398 -0.862111 -0.607473 -0.624366 -0.675336 -0.479946 -0.530811 -0.539928 -0.593522 -1.15806 -1.34589 -0.364267 -0.126191 0.255052 0 0 0 -0.893726 -0.732252 -0.979832 1.27359 1.09547 1.23275 1.06356 1.37758 1.82868 3.01272 2.33122 1.54149 1.80146 2.91435 2.28544 0.913256 0.421638 0.919635 0.477778 0.944484 0.423243 0.930494 0.479804 2.21192 1.50011 2.33897 1.64332 0 0 0 
