100 63
-0.0898049 0.664667 0.773441 -0.16766 0.0192178 -0.301455 0 0 -1.71138 -0.224177 -0.26534 -0.288603 -0.662041 -0.738352 -0.616964 -0.835668 -0.91431 -0.763661 -0.136181 -0.072067 -0.156509 -0.284771 -0.362543 -0.381312 -0.380541 -0.429761 -0.479 -0.202688 -0.352355 -0.428698 0 0 0 0.364469 0.663748 1.56073 3.44135 -1.05017 2.60862 -3.93821 -0.337 -0.378905 -0.250692 -0.247823 -0.372761 -0.42719 -0.269861 -0.279563 -1.29087 -1.34741 -1.21119 -2.84197 2.79743 -1.08222 2.28119 -2.09679 -0.224288 -0.248817 -0.1 -0.1 0 0 0 
-0.0784089 1.01675 1.00865 -0.308514 0.0357629 -0.301577 0 0 -1.46118 -0.228725 -0.266438 -0.289143 -0.88573 -0.776252 -0.639001 -1.078 -0.956511 -0.781184 -0.0626177 -0.0462104 -0.153572 -0.350407 -0.376268 -0.398743 -0.380646 -0.429784 -0.479029 -0.202688 -0.352355 -0.428698 0 0 0 0.698334 0.717275 2.02174 4.34469 -0.135635 2.60862 -3.93821 -0.337669 -0.378905 -0.250692 -0.247823 -0.372883 -0.42719 -0.269861 -0.279563 -2.3357 -1.34741 -1.21119 -2.84197 2.96851 -1.05762 2.28119 -2.09679 -0.224288 -0.248817 -0.1 -0.1 0 0 0 
-0.0988886 0.36453 0.4395 -0.256688 0.054804 -0.301508 0 0 -0.710574 -0.232964 -0.269061 -0.292936 -1.04306 -0.882501 -0.795758 -1.19977 -1.01189 -0.894865 0.0541403 0.0193991 -0.102811 -0.389732 -0.36394 -0.399723 -0.380658 -0.429765 -0.479009 -0.202688 -0.352355 -0.428698 0 0 0 0.322736 0.449638 2.14979 3.53021 -0.135635 2.60862 -3.93821 -0.337942 -0.378905 -0.250692 -0.247823 -0.372855 -0.42719 -0.269861 -0.279563 -2.42768 -1.34741 -1.21119 -2.84197 3.15678 -1.0293 2.28119 -2.09679 -0.224288 -0.248817 -0.1 -0.1 0 0 0 
-0.110969 -0.31575 -0.336456 0.0480187 -0.0525942 -0.30167 0 0 -0.21017 -0.227934 -0.263691 -0.290045 -0.811513 -0.641537 -0.692267 -0.940217 -0.746211 -0.786329 0.0952282 0.0148836 -0.104622 -0.38562 -0.336097 -0.410998 -0.380739 -0.42979 -0.479033 -0.202688 -0.352355 -0.428698 0 0 0 -0.414549 -0.17485 1.40707 2.25027 -0.135635 2.60862 -3.93821 -0.338336 -0.378905 -0.250692 -0.247823 -0.372907 -0.42719 -0.269861 -0.279563 -1.34354 -1.00438 -1.21119 -2.84197 2.69569 -1.0293 2.28119 -2.09679 -0.224288 -0.248817 -0.1 -0.1 0 0 0 
-0.112436 -0.412051 -0.7161 0.176596 -0.0229323 -0.301957 0 0 0.0400324 -0.222975 -0.259248 -0.286901 -0.526862 -0.362758 -0.539826 -0.562595 -0.402406 -0.596023 0.0829211 -0.0622463 -0.163684 -0.352826 -0.331878 -0.420118 -0.38067 -0.429747 -0.479007 -0.202688 -0.352355 -0.428698 0 0 0 -1.28399 -0.754732 0.830815 1.38348 -0.135635 2.60862 -3.93821 -0.338395 -0.378905 -0.250692 -0.247823 -0.372846 -0.427176 -0.269861 -0.279563 -0.311552 -0.799879 -1.21119 -2.84197 2.54171 -1.0293 2.28119 -2.09679 -0.224288 -0.248817 -0.1 -0.1 0 0 0 
-0.114118 -0.548845 -0.813349 0.190917 -0.239233 -0.301926 0 0 -0.21017 -0.219451 -0.256214 -0.284799 -0.287813 -0.156867 -0.422781 -0.236774 -0.0966666 -0.407401 0.0469537 -0.148871 -0.222709 -0.324532 -0.339496 -0.421539 -0.380526 -0.429679 -0.478956 -0.202688 -0.352355 -0.428698 0 0 0 -1.30485 -1.15619 0.382619 0.688632 -0.135635 2.60862 -3.93821 -0.338131 -0.378891 -0.250692 -0.247823 -0.372685 -0.427111 -0.269861 -0.279563 0.41185 -0.777103 -1.21119 -2.84197 1.69356 -1.0293 2.28119 -2.09679 -0.224288 -0.248817 -0.1 -0.1 0 0 0 
-0.11366 -0.471201 -0.53876 0.221551 -0.416182 -0.301985 0 0 -0.460372 -0.213987 -0.253073 -0.28315 0.0492325 0.0446238 -0.315817 0.180469 0.172858 -0.259303 -0.023911 -0.214137 -0.284523 -0.249698 -0.305056 -0.393639 -0.380362 -0.429644 -0.478928 -0.202688 -0.352355 -0.428698 0 0 0 -0.553659 -1.10266 0.280175 0.249227 -0.135635 3.3344 0.235649 -0.337645 -0.378743 -0.250692 -0.247823 -0.372517 -0.427078 -0.269861 -0.279563 0.993492 -0.728379 -2.22407 -2.84197 0.564989 -1.0293 2.42794 -2.03927 -0.224288 -0.248817 -0.1 -0.1 0 0 0 
-0.103251 0.198215 0.249973 0.232482 -0.174618 -0.301858 0 0 -1.21098 -0.206827 -0.25186 -0.282175 0.36893 0.112489 -0.262225 0.540095 0.255173 -0.197216 -0.129981 -0.271629 -0.350007 -0.113278 -0.243277 -0.369171 -0.38027 -0.429624 -0.478915 -0.202688 -0.352355 -0.428698 0 0 0 -0.386727 -0.536798 0.221635 0.34905 -0.135635 2.68001 0.235649 -0.337135 -0.37866 -0.250692 -0.247823 -0.372365 -0.427059 -0.269861 -0.279563 1.44999 -0.710994 -2.31324 -2.84197 0.34299 -1.0293 2.58944 -1.97307 -0.224288 -0.248817 -0.1 -0.1 0 0 0 
-0.0966221 0.430828 0.568344 0.313078 0.0212459 -0.301968 0 0 -0.960777 -0.203612 -0.253101 -0.281805 0.482245 -0.00684295 -0.265074 0.655648 0.102329 -0.216194 -0.252422 -0.319845 -0.394193 -0.0199754 -0.24826 -0.368935 -0.380164 -0.429617 -0.478918 -0.202688 -0.352355 -0.428698 0 0 0 -0.804058 -0.0722558 0.376217 0.559315 -0.135635 1.65165 0.235649 -0.336587 -0.378563 -0.250692 -0.247823 -0.372237 -0.427052 -0.269861 -0.279563 1.93791 -0.582807 -1.26225 -1.99204 0.620366 -1.0293 2.19391 -1.97307 -0.224288 -0.248817 -0.1 -0.1 0 0 0 
-0.101424 0.234248 0.348958 0.4533 0.0913902 -0.301885 0 0 -1.21098 -0.204975 -0.254762 -0.281349 0.405957 -0.174722 -0.262718 0.525023 -0.127549 -0.233085 -0.382687 -0.373604 -0.412048 -0.0709723 -0.302971 -0.345493 -0.380088 -0.429611 -0.478913 -0.202688 -0.352355 -0.428698 0 0 0 -1.47179 0.51506 0.604583 0.626655 -0.135635 0.955235 0.235649 -0.336053 -0.378494 -0.250692 -0.247823 -0.372129 -0.427046 -0.269861 -0.279563 2.53627 -0.359786 -0.26182 -1.48535 0.987322 -0.974892 2.06182 -1.97307 -0.224288 -0.248817 -0.1 -0.1 0 0 0 
-0.104723 0.196685 0.0797854 0.279559 -0.0816403 -0.301774 0 0 -1.21098 -0.206096 -0.255674 -0.280801 0.318021 -0.281101 -0.247759 0.379601 -0.270827 -0.223759 -0.512612 -0.423142 -0.421148 -0.137004 -0.33653 -0.33079 -0.380165 -0.42964 -0.478925 -0.202688 -0.352355 -0.428698 0 0 0 -0.97099 1.03844 0.894843 0.664229 -0.135635 0.396962 0.235649 -0.335705 -0.378494 -0.250692 -0.247823 -0.372069 -0.427046 -0.269861 -0.279563 2.79151 -0.359786 0.439462 -1.42892 0.962269 -0.974892 1.33427 -1.97307 -0.224288 -0.248817 -0.1 -0.1 0 0 0 
-0.0956253 0.557274 0.538745 0.0695093 -0.159351 -0.301823 0 0 -1.21098 -0.206727 -0.255952 -0.281028 0.214986 -0.335 -0.27575 0.267663 -0.319117 -0.248226 -0.568568 -0.484686 -0.425202 -0.18565 -0.34884 -0.319426 -0.380275 -0.429647 -0.478947 -0.202688 -0.352355 -0.428698 0 0 0 0.0306043 1.30608 1.16027 0.849733 -0.135635 0.0439239 0.235649 -0.335531 -0.378494 -0.256109 -0.247823 -0.372025 -0.427046 -0.270438 -0.279563 2.74452 -0.359786 1.00332 -1.3082 0.807474 -0.974892 0.366165 -1.97307 -0.224288 -0.248817 -0.1 -0.1 0 0 0 
-0.0830117 0.836855 0.998942 -0.00174807 0.312782 -0.30191 0 0 -0.710574 -0.211588 -0.256443 -0.28189 -0.0406814 -0.375626 -0.325807 -0.00862771 -0.366497 -0.301468 -0.5772 -0.551104 -0.43057 -0.245438 -0.390203 -0.338012 -0.38036 -0.429658 -0.478959 -0.202688 -0.352355 -0.428698 0 0 0 1.11566 1.19902 1.30462 1.11705 -0.135635 0.124126 0.235649 -0.335468 -0.378494 -0.25832 -0.247823 -0.371997 -0.427046 -0.270306 -0.279563 2.62345 -0.359786 1.44586 -1.26512 1.42753 -0.645656 0.175731 -1.97307 -0.224288 -0.248817 -0.1 -0.1 0 0 0 
-0.0760748 1.01827 1.11668 -0.0800006 0.434278 -0.301906 0 0 -0.21017 -0.219464 -0.258289 -0.283093 -0.413246 -0.44323 -0.377368 -0.424266 -0.447846 -0.370146 -0.545266 -0.575405 -0.460973 -0.402087 -0.448374 -0.396311 -0.380385 -0.429654 -0.478967 -0.202688 -0.352355 -0.428698 0 0 0 1.19913 0.984913 1.36767 1.41268 -0.131685 0.293063 0.235649 -0.335436 -0.378494 -0.261502 -0.247823 -0.37197 -0.427046 -0.27055 -0.279563 2.43675 -0.359786 1.91885 -0.947518 2.13847 -0.464977 0.413668 -1.97307 -0.224288 -0.248817 -0.1 -0.1 0 0 0 
-0.0976354 0.473361 0.419658 -0.220276 -0.185918 -0.301889 0 0 0.0400324 -0.225094 -0.259426 -0.284267 -0.781871 -0.518769 -0.429657 -0.824627 -0.526119 -0.43526 -0.460667 -0.513229 -0.487732 -0.515276 -0.413728 -0.432302 -0.38045 -0.429659 -0.478976 -0.202688 -0.352355 -0.428698 0 0 0 1.36606 0.877858 1.17291 1.48248 -0.131685 0.347167 0.235649 -0.335463 -0.378494 -0.261984 -0.247823 -0.37195 -0.427046 -0.270265 -0.279528 2.1362 -0.359786 2.49891 -0.394943 1.89959 -0.464977 0.728448 -1.84589 -0.224288 -0.248817 -0.1 -0.1 0 0 0 
-0.102398 0.258048 0.216254 -0.379914 -0.421993 -0.302002 0 0 0.0400324 -0.22765 -0.25964 -0.284924 -1.00119 -0.558269 -0.498639 -1.06332 -0.588939 -0.526691 -0.320203 -0.413048 -0.480775 -0.46909 -0.337499 -0.429134 -0.380501 -0.429681 -0.478987 -0.202688 -0.352355 -0.428698 0 0 0 1.19913 0.770803 1.15096 1.4745 -0.131685 0.377355 0.235649 -0.335527 -0.378494 -0.259843 -0.247763 -0.371947 -0.427046 -0.269501 -0.279366 1.7252 -0.359786 2.74635 -0.394943 1.38546 -0.464977 0.706957 -1.84589 -0.224288 -0.248817 -0.1 -0.1 0 0 0 
-0.0911212 0.617422 0.717103 -0.245039 -0.336718 -0.302098 0 0 0.790639 -0.231019 -0.261256 -0.285579 -1.18805 -0.662565 -0.574667 -1.30546 -0.736265 -0.618236 -0.247832 -0.34083 -0.451997 -0.433966 -0.296365 -0.403206 -0.380473 -0.429684 -0.478967 -0.202688 -0.352355 -0.428698 0 0 0 0.698334 0.449638 0.894843 1.57594 -0.131685 0.526397 0.235649 -0.335563 -0.378494 -0.255914 -0.247118 -0.371947 -0.427046 -0.268705 -0.279283 1.48026 -0.359786 2.7008 -0.394943 1.03554 -0.464977 0.574172 -1.84589 -0.224288 -0.248817 -0.1 -0.1 0 0 0 
-0.102655 0.16466 0.312198 -0.215988 0.157932 -0.302076 0 0 1.79145 -0.23228 -0.262209 -0.285586 -1.23916 -0.727004 -0.599471 -1.38206 -0.81731 -0.670255 -0.256744 -0.305446 -0.421329 -0.499455 -0.326896 -0.395285 -0.380453 -0.429684 -0.478947 -0.202688 -0.352355 -0.428698 0 0 0 -0.887524 -0.299748 0.485064 1.53703 -0.131685 0.741175 0.235649 -0.335581 -0.378494 -0.251785 -0.246755 -0.371946 -0.427046 -0.267981 -0.279236 1.28647 -0.359786 2.58343 -0.394943 1.29279 -0.464977 1.10606 -1.07625 -0.224288 -0.248817 -0.1 -0.1 0 0 0 
-0.11687 -0.821345 -0.788398 -0.0841348 -0.156959 -0.302055 0 0 0.540437 -0.226166 -0.260078 -0.285339 -0.913751 -0.585105 -0.574635 -1.03041 -0.664753 -0.663797 -0.240364 -0.327807 -0.403636 -0.473739 -0.364693 -0.389023 -0.380466 -0.429676 -0.478928 -0.202688 -0.352355 -0.428698 0 0 0 -0.97099 -0.995606 0.17773 1.23593 -0.131685 0.978695 0.253676 -0.335605 -0.378494 -0.247355 -0.246334 -0.371941 -0.427046 -0.267377 -0.279218 1.21604 -0.359786 2.40244 -0.394943 1.18023 -0.464977 1.71592 -0.653888 -0.224288 -0.248817 -0.1 -0.1 0 0 0 
-0.120723 -1.39125 -1.58851 -0.00377265 -0.552267 -0.302077 0 0 1.29104 -0.215721 -0.257425 -0.28505 -0.294009 -0.334889 -0.53779 -0.326496 -0.371659 -0.642671 -0.161449 -0.367918 -0.413834 -0.192429 -0.344213 -0.369874 -0.380453 -0.429679 -0.478916 -0.202688 -0.352355 -0.428698 0 0 0 -0.136328 -1.10266 -0.0783819 0.81872 -0.131685 1.03478 0.253676 -0.335619 -0.378494 -0.243029 -0.246034 -0.371938 -0.427046 -0.266866 -0.279205 1.21227 -0.359786 2.11108 -0.394943 0.670187 -0.464977 1.51101 -0.653888 -0.224288 -0.248817 -0.1 -0.1 0 0 0 
-0.118417 -0.961754 -1.23723 -0.0413716 -0.381282 -0.302205 0 0 0.790639 -0.209198 -0.256101 -0.284806 0.230798 -0.186468 -0.513085 0.283938 -0.189908 -0.620153 -0.0902911 -0.37031 -0.43754 -0.0114211 -0.309227 -0.362315 -0.380394 -0.429667 -0.478917 -0.202688 -0.352355 -0.428698 0 0 0 0.698334 -0.567386 -0.539383 0.54619 -0.131685 1.02837 0.253676 -0.335596 -0.378494 -0.240215 -0.246034 -0.37193 -0.427046 -0.266582 -0.279205 1.18229 -0.359786 1.71265 -0.394943 0.377097 -0.464977 1.06997 -0.653888 -0.224288 -0.248817 -0.1 -0.1 0 0 0 
-0.114903 -0.564142 -0.692612 -0.383035 -0.435216 -0.302216 0 0 0.540437 -0.205816 -0.255497 -0.284802 0.523021 -0.14063 -0.522473 0.636668 -0.131853 -0.619302 -0.0508154 -0.310894 -0.420934 0.0553558 -0.273284 -0.352942 -0.38034 -0.429635 -0.478907 -0.202688 -0.352355 -0.428698 0 0 0 1.2826 -0.299748 -0.949162 0.391176 -0.131685 1.10986 0.253676 -0.335544 -0.378494 -0.238813 -0.246034 -0.371906 -0.427046 -0.266373 -0.279205 0.924633 -0.359786 1.4752 -0.394943 0.0599545 -0.464977 0.769809 -0.653888 -0.224288 -0.248817 -0.1 -0.1 0 0 0 
-0.107922 -0.115151 0.00145967 -0.594753 -0.470371 -0.302275 0 0 -0.960777 -0.201088 -0.254754 -0.285045 0.788928 -0.0950615 -0.543582 0.961449 -0.0972723 -0.643079 0.0279405 -0.204354 -0.375292 0.109413 -0.223979 -0.34465 -0.380289 -0.429594 -0.478895 -0.202688 -0.352355 -0.428698 0 0 0 1.0322 -0.567386 -1.15405 0.349813 -0.131685 1.07861 0.253676 -0.335468 -0.378494 -0.238297 -0.246034 -0.371866 -0.42703 -0.26624 -0.279205 0.55282 -0.359786 1.28734 -0.394943 -0.261218 -0.464977 0.990479 -0.653888 -0.224288 -0.248817 -0.1 -0.1 0 0 0 
-0.0891316 0.671009 0.770312 -0.180349 -0.134733 -0.302271 0 0 -1.21098 -0.199601 -0.254802 -0.285826 0.860216 -0.118996 -0.583642 1.04178 -0.149458 -0.696607 -0.0137509 -0.128273 -0.353858 0.167692 -0.153789 -0.336525 -0.380215 -0.42956 -0.478873 -0.202688 -0.352355 -0.428698 0 0 0 -0.386727 -1.20972 -1.15405 0.479983 -0.131685 0.836686 0.253676 -0.335359 -0.378494 -0.238039 -0.246034 -0.371814 -0.426998 -0.266112 -0.279205 0.468156 -0.359786 1.21906 -0.394943 -0.266426 -0.464977 0.893926 -0.653888 -0.224288 -0.248817 -0.1 -0.1 0 0 0 
-0.0805682 0.891593 1.00123 0.560716 0.793503 -0.302174 0 0 -0.460372 -0.205608 -0.256475 -0.287651 0.560465 -0.265286 -0.688217 0.690733 -0.359951 -0.820059 -0.215248 -0.184134 -0.388202 -0.0145776 -0.186985 -0.377598 -0.380163 -0.429533 -0.478864 -0.202688 -0.352355 -0.428698 0 0 0 -1.05446 -1.04913 -1.10283 0.645015 -0.131685 0.50148 0.253676 -0.335233 -0.378494 -0.238258 -0.246034 -0.371754 -0.426972 -0.266017 -0.279205 0.830033 -0.188942 1.2154 -0.394943 0.496602 0.0692325 0.456405 -0.653888 -0.224288 -0.248817 -0.1 -0.1 0 0 0 
-0.0909533 0.664592 0.652517 0.687864 0.498735 -0.302166 0 0 -0.460372 -0.214146 -0.259478 -0.289478 -0.00107796 -0.477778 -0.784874 0.00273843 -0.626597 -0.928194 -0.463081 -0.334815 -0.440273 -0.35907 -0.343652 -0.422367 -0.380166 -0.429524 -0.478854 -0.202688 -0.352355 -0.428698 0 0 0 -1.22139 -0.888551 -1.05161 0.752552 -0.131685 0.282518 0.253676 -0.335118 -0.378494 -0.23878 -0.246034 -0.371695 -0.426963 -0.266003 -0.279205 1.23663 0.0132866 1.18634 -0.394943 0.966487 0.0692325 0.204988 -0.653888 -0.224288 -0.248817 -0.1 -0.1 0 0 0 
-0.104715 0.159894 0.106253 0.239952 0.0652992 -0.30221 0 0 -0.460372 -0.219549 -0.261127 -0.290331 -0.445028 -0.619125 -0.836321 -0.523331 -0.774317 -0.992341 -0.574731 -0.441802 -0.470789 -0.528871 -0.439526 -0.441414 -0.380199 -0.429518 -0.478834 -0.202688 -0.352355 -0.428698 0 0 0 -0.219794 -0.781496 -0.949162 0.756205 -0.131685 0.157973 0.253676 -0.335026 -0.378494 -0.239069 -0.246034 -0.371639 -0.426957 -0.265999 -0.279205 1.36698 0.0132866 0.936564 -0.394943 1.06959 0.0692325 -0.0670612 -0.653888 -0.224288 -0.248817 -0.1 -0.1 0 0 0 
-0.0950654 0.472068 0.665627 -0.16527 -0.196649 -0.302194 0 0 -0.460372 -0.223508 -0.261524 -0.290565 -0.727689 -0.66904 -0.852707 -0.884985 -0.828451 -1.02272 -0.567432 -0.478232 -0.46646 -0.579577 -0.475933 -0.443252 -0.380209 -0.429516 -0.478814 -0.202688 -0.352355 -0.428698 0 0 0 0.948732 -0.620913 -0.949162 0.816807 -0.131685 0.12474 0.253676 -0.334946 -0.378494 -0.239213 -0.246034 -0.371586 -0.426956 -0.265998 -0.279205 1.27333 0.0132866 0.576121 -0.394943 0.971873 0.0692325 -0.342568 -0.653888 -0.224288 -0.248817 -0.1 -0.1 0 0 0 
-0.0828689 0.865396 0.972534 -0.859523 -0.361748 -0.302185 0 0 0.290235 -0.229287 -0.263877 -0.291154 -1.03193 -0.796155 -0.8894 -1.26788 -0.980653 -1.06666 -0.460709 -0.460142 -0.426403 -0.55518 -0.443614 -0.412105 -0.380253 -0.429515 -0.478794 -0.202688 -0.352355 -0.428698 0 0 0 1.19913 -0.406803 -0.949162 0.942826 -0.131685 0.229324 0.253676 -0.334891 -0.378494 -0.239412 -0.246034 -0.371536 -0.426955 -0.265975 -0.279205 0.830968 0.0132866 0.494046 -0.394943 0.763162 0.0692325 -0.347035 -0.653888 -0.224288 -0.248817 -0.1 -0.1 0 0 0 
-0.099386 0.390039 0.318327 -0.987395 -0.43932 -0.302187 0 0 -0.21017 -0.232734 -0.267108 -0.291122 -1.30458 -1.03041 -0.900891 -1.6139 -1.2438 -1.06723 -0.278871 -0.385737 -0.360809 -0.494344 -0.4152 -0.36499 -0.380289 -0.429514 -0.47877 -0.202688 -0.352355 -0.428698 0 0 0 1.0322 -0.406803 -1.05161 0.979136 -0.131685 0.361918 0.253676 -0.334854 -0.378494 -0.239522 -0.246034 -0.371488 -0.426953 -0.265959 -0.279205 0.354862 0.0132866 0.844857 0.0283538 0.514894 0.0692325 0.307502 0.594904 -0.224288 -0.248817 -0.1 -0.1 0 0 0 
-0.116971 -0.787889 -1.15092 -0.533417 -0.52756 -0.302275 0 0 0.790639 -0.230821 -0.268221 -0.289592 -1.33522 -1.14778 -0.805018 -1.59842 -1.35608 -0.933468 -0.091871 -0.304554 -0.308896 -0.347476 -0.368858 -0.329977 -0.380305 -0.429504 -0.478735 -0.202688 -0.352355 -0.428698 0 0 0 0.614868 -0.139165 -1.20527 0.818124 -0.131685 0.448318 0.253676 -0.334827 -0.378494 -0.239335 -0.246034 -0.371441 -0.426944 -0.265919 -0.279205 0.126734 0.0132866 1.23902 0.52941 0.223779 0.0692325 0.710575 0.594904 -0.224288 -0.248817 -0.1 -0.1 0 0 0 
-0.119123 -1.16687 -1.3632 0.164692 -0.223881 -0.302296 0 0 1.29104 -0.227463 -0.267796 -0.287599 -1.11391 -1.09098 -0.640018 -1.27514 -1.27627 -0.718863 0.0191786 -0.282935 -0.31856 -0.220661 -0.326034 -0.307174 -0.380281 -0.429493 -0.478698 -0.202688 -0.352355 -0.428698 0 0 0 -0.386727 -0.24622 -1.41016 0.606404 -0.131685 0.451253 0.253676 -0.334792 -0.378494 -0.238912 -0.246034 -0.371393 -0.426934 -0.265807 -0.279205 0.236517 0.0132866 1.36539 0.52941 0.147107 0.0692325 0.799022 0.594904 -0.224288 -0.248817 -0.1 -0.1 0 0 0 
-0.115554 -0.684126 -0.84484 0.510311 -0.0452811 -0.302229 0 0 2.04165 -0.225517 -0.267151 -0.286355 -0.900389 -1.00317 -0.535101 -0.998526 -1.16463 -0.574494 -0.0707435 -0.348551 -0.376846 -0.217431 -0.338508 -0.320688 -0.380274 -0.429483 -0.478674 -0.202688 -0.352355 -0.428698 0 0 0 -1.30485 -0.781496 -1.35894 0.482579 -0.131685 0.499943 0.253676 -0.334756 -0.378494 -0.238297 -0.246034 -0.371344 -0.426924 -0.265615 -0.279164 0.495026 0.0132866 1.2746 0.52941 0.187001 0.0692325 0.715196 0.594904 -0.224288 -0.248817 -0.1 -0.1 0 0 0 
-0.114804 -0.571169 -0.808253 0.338957 0.0799651 -0.302272 0 0 1.54125 -0.222533 -0.266279 -0.286132 -0.69607 -0.922674 -0.56018 -0.693156 -1.02428 -0.598117 -0.287085 -0.45808 -0.438042 -0.288331 -0.388496 -0.342094 -0.38027 -0.429472 -0.478649 -0.202688 -0.352355 -0.428698 0 0 0 0.364469 -1.10266 -1.15405 0.383087 -0.131685 0.601192 0.253676 -0.334721 -0.378494 -0.237419 -0.246034 -0.371295 -0.426914 -0.265369 -0.279084 0.663558 0.0132866 0.845763 0.52941 0.300727 0.0692325 0.536161 0.594904 -0.224288 -0.248817 -0.1 -0.1 0 0 0 
-0.119834 -1.22919 -1.68894 -0.356329 -0.247435 -0.302243 0 0 0.790639 -0.21792 -0.263723 -0.286088 -0.410048 -0.716435 -0.549852 -0.283017 -0.716045 -0.542345 -0.497637 -0.493114 -0.446523 -0.351423 -0.402269 -0.35938 -0.380263 -0.429452 -0.478623 -0.202688 -0.352355 -0.428698 0 0 0 1.19913 -0.299748 -0.89794 0.192806 -0.131685 0.630366 0.253676 -0.334685 -0.378494 -0.236397 -0.246034 -0.371243 -0.426895 -0.265087 -0.279019 0.527745 0.0132866 0.384216 0.52941 0.214511 0.0692325 0.323192 0.594904 -0.224288 -0.248817 -0.1 -0.1 0 0 0 
-0.120963 -1.4933 -1.73499 -0.734093 -0.749098 -0.302351 0 0 -0.21017 -0.214263 -0.258777 -0.285155 -0.00670415 -0.34689 -0.454923 0.225623 -0.231228 -0.402487 -0.529157 -0.392389 -0.398527 -0.235035 -0.278662 -0.343429 -0.380229 -0.429408 -0.478597 -0.202688 -0.352355 -0.428698 0 0 0 1.2826 -0.0321102 -0.283271 -0.0245483 -0.131685 0.501001 0.253676 -0.334639 -0.378494 -0.235466 -0.246034 -0.371181 -0.426853 -0.264808 -0.278997 0.2438 0.0132866 0.163064 0.52941 -0.155085 0.0692325 0.0734697 0.594904 -0.224288 -0.248817 -0.1 -0.1 0 0 0 
-0.119116 -1.14716 -1.10233 -0.256417 -0.376967 -0.302314 0 0 -0.460372 -0.212703 -0.254801 -0.284193 0.226031 -0.010175 -0.344372 0.428917 0.157642 -0.279041 -0.467287 -0.291109 -0.366886 -0.113457 -0.153272 -0.306226 -0.380194 -0.429353 -0.478572 -0.202688 -0.352355 -0.428698 0 0 0 0.531401 -0.299748 0.382619 -0.182149 -0.131685 0.330896 0.253676 -0.334584 -0.378494 -0.234727 -0.246034 -0.371106 -0.4268 -0.26454 -0.278983 0.166734 0.0132866 0.26949 0.52941 -0.296717 0.0692325 0.00769935 0.594904 -0.224288 -0.248817 -0.1 -0.1 0 0 0 
-0.114882 -0.590604 -0.548 -0.212886 -0.312221 -0.302289 0 0 -0.960777 -0.212031 -0.253845 -0.283758 0.278445 0.0995614 -0.287691 0.431238 0.268415 -0.228719 -0.365596 -0.265832 -0.36924 -0.0475186 -0.115762 -0.2964 -0.380167 -0.429315 -0.478557 -0.202688 -0.352355 -0.428698 0 0 0 -0.470193 -1.10266 0.946066 -0.2563 -0.131685 0.23141 0.253676 -0.334522 -0.378494 -0.234079 -0.246034 -0.371024 -0.426763 -0.264288 -0.278979 0.110719 0.0132866 0.520093 0.52941 -0.39566 0.0692325 0.0419215 0.594904 -0.224288 -0.248817 -0.1 -0.1 0 0 0 
-0.112165 -0.368256 -0.368787 -0.544323 -0.256859 -0.302291 0 0 -0.960777 -0.21168 -0.253238 -0.283534 0.295049 0.0629818 -0.268513 0.42813 0.198733 -0.203252 -0.211516 -0.242948 -0.370176 -0.00130578 -0.130408 -0.304021 -0.380105 -0.429276 -0.478548 -0.202688 -0.352355 -0.428698 0 0 0 -1.30485 -0.727968 1.2534 -0.297394 -0.131685 0.151473 0.253676 -0.334444 -0.378494 -0.23363 -0.246034 -0.370936 -0.426726 -0.264051 -0.278977 -0.0685021 0.0132866 0.683473 0.52941 -0.460174 0.0692325 0.139477 0.594904 -0.224288 -0.248817 -0.1 -0.1 0 0 0 
-0.116022 -0.763169 -0.850798 -0.674986 -0.240158 -0.302301 0 0 -0.460372 -0.210655 -0.251413 -0.282602 0.383625 0.162373 -0.21743 0.518339 0.325473 -0.127505 -0.0437226 -0.226311 -0.334981 0.0492969 -0.147616 -0.313113 -0.38003 -0.429239 -0.478537 -0.202688 -0.352355 -0.428698 0 0 0 -0.386727 0.289055 1.35584 -0.387094 -0.131685 -0.00140657 0.253676 -0.334346 -0.378442 -0.233335 -0.246034 -0.370843 -0.426691 -0.263828 -0.278973 -0.287224 0.0132866 0.551813 0.52941 -0.512828 0.0692325 0.0655197 0.594904 -0.224288 -0.248817 -0.1 -0.1 0 0 0 
-0.11307 -0.429529 -0.494351 -0.330143 0.244198 -0.302277 0 0 0.540437 -0.20723 -0.249399 -0.281154 0.508335 0.325005 -0.135787 0.61691 0.519009 -0.0102786 0.0215412 -0.22847 -0.263001 0.00801449 -0.186077 -0.308671 -0.37993 -0.429206 -0.478518 -0.202688 -0.352355 -0.428698 0 0 0 -0.219794 0.717275 1.40707 -0.430662 -0.131685 -0.176039 0.253676 -0.334221 -0.378352 -0.233113 -0.246034 -0.370745 -0.426659 -0.263602 -0.278949 -0.370497 0.0132866 0.27655 0.52941 -0.318614 0.0692325 -0.251525 0.594904 -0.224288 -0.248817 -0.1 -0.1 0 0 0 
-0.111018 -0.304439 -0.388273 -0.0112885 0.238644 -0.302253 0 0 0.790639 -0.205124 -0.248882 -0.28021 0.511003 0.347327 -0.075912 0.615004 0.535668 0.0751215 -0.0603862 -0.259747 -0.216376 -0.14798 -0.253618 -0.319356 -0.379858 -0.429183 -0.478506 -0.202688 -0.352355 -0.428698 0 0 0 -0.386727 0.984913 0.997288 -0.456872 -0.131685 -0.302662 0.253676 -0.334081 -0.378286 -0.232828 -0.246034 -0.370646 -0.426637 -0.263374 -0.278924 -0.337176 0.0132866 0.201841 0.52941 -0.136384 0.0692325 -0.373019 0.594904 -0.224288 -0.248817 -0.1 -0.1 0 0 0 
-0.109664 -0.22224 -0.272308 0.0987382 -0.0112753 -0.302203 0 0 0.290235 -0.206767 -0.249349 -0.27983 0.332443 0.282433 -0.0414352 0.463897 0.461749 0.123612 -0.155254 -0.263844 -0.195657 -0.267875 -0.288453 -0.316669 -0.379817 -0.42918 -0.478505 -0.202688 -0.352355 -0.428698 0 0 0 0.0306043 1.19902 0.638731 -0.472054 -0.131685 -0.362239 0.253676 -0.333935 -0.37825 -0.232539 -0.246034 -0.370551 -0.426634 -0.263144 -0.2789 -0.267443 0.0132866 0.147539 0.52941 -0.0828207 0.0692325 -0.457894 0.594904 -0.224288 -0.248817 -0.1 -0.1 0 0 0 
-0.108778 -0.164281 -0.0917956 -0.15729 -0.205592 -0.30211 0 0 0.540437 -0.209206 -0.250049 -0.279068 0.0199793 0.216957 0.00766452 0.0657722 0.374162 0.186856 -0.212393 -0.23743 -0.19692 -0.36605 -0.294783 -0.302194 -0.379804 -0.429184 -0.47851 -0.202688 -0.352355 -0.428698 0 0 0 0.364469 1.57372 0.228952 -0.479786 -0.131685 -0.395255 0.253676 -0.333791 -0.378237 -0.232254 -0.246034 -0.370462 -0.426634 -0.262912 -0.278874 -0.287206 0.0132866 -0.0262018 0.52941 -0.123018 0.0692325 -0.513235 0.594904 -0.224288 -0.248817 -0.1 -0.1 0 0 0 
-0.105435 0.0289412 0.164699 -0.34922 -0.228548 -0.302029 0 0 -0.21017 -0.211099 -0.251179 -0.278075 -0.13408 0.108685 0.0563722 -0.12569 0.229501 0.234069 -0.233815 -0.198634 -0.222363 -0.395477 -0.29777 -0.315723 -0.379843 -0.429209 -0.478523 -0.202688 -0.352355 -0.428698 0 0 0 0.948732 1.89488 0.0752852 -0.465142 -0.131685 -0.467324 0.253676 -0.333666 -0.378237 -0.231963 -0.246034 -0.370382 -0.426634 -0.262664 -0.278827 -0.369367 0.0132866 -0.238235 0.52941 -0.171979 0.0692325 -0.558402 0.594904 -0.224288 -0.248817 -0.1 -0.1 0 0 0 
-0.082712 0.866049 0.973213 -0.178539 -0.0327822 -0.301947 0 0 -0.21017 -0.214455 -0.254122 -0.278867 -0.324889 -0.116423 0.0244622 -0.360156 -0.0599342 0.185468 -0.261089 -0.187602 -0.245256 -0.407422 -0.345647 -0.336356 -0.379936 -0.429239 -0.478548 -0.202688 -0.352355 -0.428698 0 0 0 1.69993 2.3231 -0.180827 -0.357754 -0.131685 -0.502328 0.253676 -0.333571 -0.378237 -0.231593 -0.246034 -0.370313 -0.426634 -0.262369 -0.278722 -0.392908 0.0132866 -0.318962 0.52941 -0.130803 0.0692325 -0.391803 0.594904 -0.224288 -0.248817 -0.1 -0.1 0 0 0 
-0.0868062 0.777073 0.840197 -0.19767 0.157813 -0.301901 0 0 1.04084 -0.219948 -0.258103 -0.281207 -0.58769 -0.400999 -0.114664 -0.650499 -0.38887 0.0122346 -0.291512 -0.213557 -0.262433 -0.382824 -0.424312 -0.390441 -0.380049 -0.429299 -0.478586 -0.202688 -0.352355 -0.428698 0 0 0 2.20073 2.05546 -0.283271 -0.26465 -0.131685 -0.523387 0.253676 -0.333511 -0.378237 -0.231146 -0.246034 -0.37026 -0.426634 -0.262013 -0.27859 -0.421486 0.0132866 -0.286659 0.52941 -0.00751945 0.0692325 -0.235483 0.594904 -0.224288 -0.248817 -0.1 -0.1 0 0 0 
-0.1143 -0.567279 -0.523141 -0.339704 -0.221225 -0.301985 0 0 2.79226 -0.222372 -0.259699 -0.282306 -0.687026 -0.518028 -0.194133 -0.779821 -0.512755 -0.0850782 -0.237534 -0.174142 -0.236901 -0.345345 -0.430929 -0.406501 -0.380176 -0.42936 -0.478623 -0.202688 -0.352355 -0.428698 0 0 0 1.44953 1.09197 -0.795495 -0.31914 -0.131685 -0.535585 0.253676 -0.333487 -0.378237 -0.230649 -0.246034 -0.370223 -0.426634 -0.261626 -0.2785 -0.492773 0.0132866 -0.219059 0.52941 -0.0526713 0.0692325 -0.189536 0.594904 -0.224288 -0.248817 -0.1 -0.1 0 0 0 
-0.12246 -1.87439 -2.35832 -0.257383 -0.580648 -0.301971 0 0 2.79226 -0.220664 -0.258651 -0.282083 -0.427965 -0.362775 -0.136944 -0.448661 -0.301169 -2.71256e-05 -0.16632 -0.14243 -0.182651 -0.268515 -0.376151 -0.380451 -0.380274 -0.42941 -0.478655 -0.202688 -0.352355 -0.428698 0 0 0 -0.136328 -0.460331 -1.41016 -0.508291 -0.131685 -0.541797 0.253676 -0.33349 -0.378237 -0.230015 -0.246034 -0.370198 -0.426634 -0.261209 -0.278408 -0.536226 0.0132866 -0.238218 0.52941 -0.247668 0.0692325 -0.224018 0.594904 -0.224288 -0.248817 -0.1 -0.1 0 0 0 
-0.116718 -0.791869 -0.780883 -0.116545 -0.379904 -0.302002 0 0 3.04246 -0.21895 -0.257437 -0.281848 -0.183645 -0.182968 -0.0832524 -0.0856835 -0.0626104 0.0732399 -0.174874 -0.167552 -0.145793 -0.239703 -0.352081 -0.361546 -0.380344 -0.429458 -0.478687 -0.202688 -0.352355 -0.428698 0 0 0 -1.47179 -0.674441 -1.30772 -0.578778 -0.131685 -0.530031 0.253676 -0.33351 -0.378237 -0.229219 -0.245807 -0.370185 -0.426634 -0.260766 -0.278319 -0.536152 0.0132866 -0.317866 0.52941 -0.351839 0.0692325 -0.266017 0.594904 -0.224288 -0.248817 -0.1 -0.1 0 0 0 
-0.0981339 0.388918 0.491534 -0.0493016 -0.103422 -0.302034 0 0 2.29185 -0.2196 -0.257984 -0.282443 -0.209651 -0.218724 -0.137283 -0.0765878 -0.112049 -0.0218784 -0.201729 -0.204782 -0.152982 -0.303569 -0.353469 -0.375697 -0.380358 -0.429505 -0.478711 -0.202688 -0.352355 -0.428698 0 0 0 0.11407 0.877858 -0.590606 -0.527697 -0.131685 -0.443751 0.253676 -0.333533 -0.378237 -0.228211 -0.245412 -0.370182 -0.426634 -0.260303 -0.27824 -0.516521 0.0132866 -0.340687 0.52941 -0.339816 0.0692325 -0.230696 0.594904 -0.224288 -0.248817 -0.1 -0.1 0 0 0 
-0.0990238 0.324528 0.453782 -0.265275 0.0502055 -0.302009 0 0 1.79145 -0.219148 -0.259483 -0.283682 -0.233855 -0.320428 -0.256159 -0.0901131 -0.23397 -0.179914 -0.185845 -0.220487 -0.179044 -0.336068 -0.36794 -0.396638 -0.380369 -0.429551 -0.478739 -0.202688 -0.352355 -0.428698 0 0 0 1.61646 1.7343 0.0240628 -0.484934 -0.131685 -0.368947 0.253676 -0.333557 -0.378237 -0.227075 -0.245128 -0.370188 -0.426634 -0.259835 -0.278186 -0.559262 0.0132866 -0.368392 0.52941 -0.267161 0.0692325 -0.124941 0.594904 -0.224288 -0.248817 -0.1 -0.1 0 0 0 
-0.10887 -0.146538 -0.120458 -0.137151 -0.0439911 -0.302123 0 0 0.790639 -0.217331 -0.260183 -0.284762 -0.153089 -0.365447 -0.361298 -0.004479 -0.293281 -0.295607 -0.116447 -0.204009 -0.18775 -0.282176 -0.364443 -0.41928 -0.380367 -0.429585 -0.478753 -0.202688 -0.352355 -0.428698 0 0 0 2.20073 2.10899 0.485064 -0.489392 -0.131685 -0.412727 0.253676 -0.333581 -0.378237 -0.225894 -0.244968 -0.370201 -0.426634 -0.259384 -0.278177 -0.564525 0.0132866 -0.437499 0.52941 -0.234001 0.0692325 -0.163673 0.594904 -0.224288 -0.248817 -0.1 -0.1 0 0 0 
-0.11386 -0.496184 -0.494536 -0.182684 -0.261567 -0.302133 0 0 0.540437 -0.216948 -0.260368 -0.285175 -0.137069 -0.390257 -0.410629 0.0134324 -0.318326 -0.345819 -0.108182 -0.170926 -0.183306 -0.227943 -0.357807 -0.421297 -0.380353 -0.429608 -0.478761 -0.202688 -0.352355 -0.428698 0 0 0 1.95033 2.21605 0.792398 -0.526911 -0.131685 -0.564699 0.253676 -0.3336 -0.378237 -0.224735 -0.244914 -0.370219 -0.426634 -0.25896 -0.278177 -0.582104 0.0132866 -0.479623 0.52941 -0.285391 0.0692325 -0.330944 0.594904 -0.224288 -0.248817 -0.1 -0.1 0 0 0 
-0.117116 -0.876797 -0.729628 -0.278278 -0.556568 -0.302132 0 0 0.290235 -0.216878 -0.260153 -0.285041 -0.230207 -0.38312 -0.394038 -0.182051 -0.316491 -0.334636 -0.107253 -0.144427 -0.177859 -0.245954 -0.359495 -0.41542 -0.380326 -0.429621 -0.478771 -0.202688 -0.352355 -0.428698 0 0 0 1.533 2.10899 1.04851 -0.598576 -0.131685 -0.621332 0.253676 -0.333612 -0.378237 -0.223718 -0.244914 -0.370238 -0.426634 -0.258582 -0.278177 -0.624828 0.0132866 -0.479551 0.52941 -0.44583 0.0692325 -0.420303 0.594904 -0.224288 -0.248817 -0.1 -0.1 0 0 0 
-0.114451 -0.604879 -0.395969 -0.0101342 -0.694543 -0.302061 0 0 0.790639 -0.215918 -0.259061 -0.285013 -0.137521 -0.271122 -0.389314 -0.126352 -0.217045 -0.350021 -0.0882806 -0.146185 -0.200508 -0.157609 -0.32543 -0.395162 -0.380341 -0.429627 -0.478782 -0.202688 -0.352355 -0.428698 0 0 0 1.36606 2.16252 1.20218 -0.642765 -0.131685 -0.58029 0.253676 -0.333627 -0.378237 -0.222953 -0.244914 -0.370257 -0.426634 -0.258253 -0.278177 -0.59499 0.0132866 -0.46052 0.52941 -0.65149 0.0692325 -0.40999 0.594904 -0.224288 -0.248817 -0.1 -0.1 0 0 0 
-0.110943 -0.313604 -0.114263 -0.0215827 -0.244209 -0.302139 0 0 -0.21017 -0.213378 -0.256679 -0.285154 0.0454924 -0.11958 -0.402219 0.043386 -0.0792467 -0.387156 -0.120426 -0.166061 -0.234062 -0.109366 -0.244231 -0.371621 -0.380364 -0.429622 -0.478794 -0.202688 -0.352355 -0.428698 0 0 0 0.948732 2.05546 1.35584 -0.659181 -0.131685 -0.545933 0.253676 -0.333647 -0.378237 -0.222468 -0.244914 -0.370275 -0.426634 -0.258003 -0.278177 -0.569178 0.0132866 -0.501954 0.52941 -0.686554 0.0692325 -0.347666 0.594904 -0.224288 -0.248817 -0.1 -0.1 0 0 0 
-0.107011 -0.0618378 0.0399413 0.295295 0.219482 -0.302226 0 0 -0.21017 -0.211948 -0.255597 -0.285035 0.141197 -0.0723574 -0.392709 0.13567 -0.0410526 -0.390631 -0.216078 -0.221161 -0.271191 -0.12502 -0.238471 -0.370733 -0.380338 -0.429585 -0.478798 -0.202688 -0.352355 -0.428698 0 0 0 0.197537 1.57372 1.40707 -0.652758 -0.131685 -0.549515 0.253676 -0.33366 -0.378237 -0.222274 -0.244914 -0.370285 -0.426634 -0.257827 -0.278177 -0.463203 0.0132866 -0.507057 0.52941 -0.555082 0.0692325 -0.319221 0.594904 -0.224288 -0.248817 -0.1 -0.1 0 0 0 
-0.10546 0.031118 0.0225203 0.0794269 0.2891 -0.302215 0 0 -0.710574 -0.213545 -0.256835 -0.284398 0.0153555 -0.194649 -0.360824 0.0096859 -0.174689 -0.3621 -0.278081 -0.270772 -0.285772 -0.234307 -0.29237 -0.390291 -0.380333 -0.429553 -0.478797 -0.202688 -0.352355 -0.428698 0 0 0 -0.553659 0.61022 1.30462 -0.638467 -0.131685 -0.579659 0.253676 -0.333672 -0.378237 -0.222295 -0.244914 -0.37029 -0.426634 -0.257711 -0.278177 -0.4151 0.0132866 -0.524098 0.52941 -0.403666 0.0692325 -0.363304 0.594904 -0.224288 -0.248817 -0.1 -0.1 0 0 0 
-0.107974 -0.118132 -0.114095 -0.196888 -0.361504 -0.302192 0 0 -0.710574 -0.216029 -0.258409 -0.283929 -0.214856 -0.400157 -0.331117 -0.227556 -0.438371 -0.325982 -0.275512 -0.266589 -0.283105 -0.354221 -0.358766 -0.39056 -0.380337 -0.429528 -0.478789 -0.202688 -0.352355 -0.428698 0 0 0 -1.47179 -0.406803 1.09973 -0.637417 -0.131685 -0.637238 0.253676 -0.333684 -0.378237 -0.222458 -0.244914 -0.370289 -0.426634 -0.257647 -0.278177 -0.436923 0.0132866 -0.565516 0.52941 -0.481533 0.0692325 -0.500931 0.594904 -0.224288 -0.248817 -0.1 -0.1 0 0 0 
-0.10741 -0.0732715 0.010952 -0.0351602 -0.262896 -0.302246 0 0 -1.46118 -0.217415 -0.259444 -0.283846 -0.340869 -0.501893 -0.324265 -0.354322 -0.546905 -0.306374 -0.277054 -0.26573 -0.306967 -0.422545 -0.38223 -0.386232 -0.380318 -0.429496 -0.478774 -0.202688 -0.352355 -0.428698 0 0 0 -0.637125 -1.04913 0.894843 -0.632628 -0.131685 -0.672741 0.253676 -0.333692 -0.378237 -0.222642 -0.244914 -0.370283 -0.426634 -0.257633 -0.278177 -0.418697 0.0132866 -0.53659 0.52941 -0.523419 0.0692325 -0.677349 0.594904 -0.224288 -0.248817 -0.1 -0.1 0 0 0 
-0.107577 -0.0900138 0.0820912 -0.214041 -0.503141 -0.302258 0 0 -0.460372 -0.218037 -0.259367 -0.282385 -0.399338 -0.515965 -0.246325 -0.422929 -0.56803 -0.221625 -0.263829 -0.281248 -0.321672 -0.376088 -0.383447 -0.361247 -0.380253 -0.429465 -0.47875 -0.202688 -0.352355 -0.428698 0 0 0 0.698334 -0.299748 0.638731 -0.629379 -0.131685 -0.685931 0.253676 -0.333686 -0.378237 -0.222841 -0.244914 -0.370272 -0.426634 -0.257664 -0.278177 -0.443863 0.0132866 -0.511567 0.52941 -0.644084 0.0692325 -0.707427 0.594904 -0.224288 -0.248817 -0.1 -0.1 0 0 0 
-0.107844 -0.0633551 0.0611743 -0.150239 -0.182722 -0.302252 0 0 0.0400324 -0.219289 -0.258584 -0.280874 -0.510622 -0.468188 -0.162092 -0.539875 -0.51714 -0.142681 -0.262646 -0.309872 -0.33054 -0.326564 -0.348862 -0.335123 -0.380175 -0.429436 -0.478723 -0.202688 -0.352355 -0.428698 0 0 0 1.0322 -0.139165 0.331397 -0.624062 -0.131685 -0.68077 0.253676 -0.333665 -0.378237 -0.223029 -0.244914 -0.370257 -0.426634 -0.257726 -0.278177 -0.453205 0.0132866 -0.408832 0.52941 -0.655743 0.0692325 -0.594649 0.594904 -0.224288 -0.248817 -0.1 -0.1 0 0 0 
-0.115975 -0.721263 -0.621549 0.0651076 -0.199942 -0.302299 0 0 0.540437 -0.219388 -0.256854 -0.280748 -0.544183 -0.3521 -0.147789 -0.587188 -0.404936 -0.148309 -0.211362 -0.316108 -0.374211 -0.244408 -0.317869 -0.343894 -0.38012 -0.429416 -0.478695 -0.202688 -0.352355 -0.428698 0 0 0 1.0322 -0.24622 -0.0271596 -0.67166 -0.131685 -0.669288 0.253676 -0.333634 -0.378237 -0.223183 -0.244914 -0.370239 -0.426634 -0.257808 -0.278177 -0.412336 0.0132866 -0.362201 0.52941 -0.672601 0.0692325 -0.464762 0.594904 -0.224288 -0.248817 -0.1 -0.1 0 0 0 
-0.118825 -1.12217 -1.11194 0.0837384 -0.636532 -0.302288 0 0 0.790639 -0.217621 -0.255111 -0.280756 -0.368221 -0.190196 -0.172869 -0.417005 -0.23968 -0.221062 -0.193089 -0.332118 -0.439556 -0.144216 -0.268466 -0.340098 -0.380066 -0.429388 -0.478661 -0.202688 -0.352355 -0.428698 0 0 0 0.531401 -0.620913 -0.283271 -0.749444 -0.131685 -0.668445 0.253676 -0.333592 -0.378237 -0.223282 -0.244914 -0.370216 -0.426634 -0.257898 -0.278177 -0.368472 0.0132866 -0.383357 0.52941 -0.82784 0.0692325 -0.531557 0.594904 -0.224288 -0.248817 -0.1 -0.1 0 0 0 
-0.109015 -0.152825 -0.182974 0.0351137 -0.538287 -0.302235 0 0 1.04084 -0.216979 -0.254937 -0.280894 -0.289454 -0.165283 -0.177719 -0.315204 -0.183669 -0.229065 -0.251196 -0.386543 -0.469699 -0.11005 -0.246316 -0.304223 -0.380005 -0.429365 -0.478643 -0.202688 -0.352355 -0.428698 0 0 0 -0.0528619 -1.15619 -0.436939 -0.749505 -0.131685 -0.664597 0.253676 -0.333541 -0.378237 -0.223404 -0.244914 -0.370191 -0.426634 -0.25799 -0.278177 -0.336868 0.0132866 -0.365688 0.52941 -0.947592 0.0692325 -0.567487 0.594904 -0.224288 -0.248817 -0.1 -0.1 0 0 0 
-0.105351 0.052659 0.0509242 -0.143771 0.248397 -0.302192 0 0 1.29104 -0.2181 -0.254809 -0.280861 -0.394072 -0.175326 -0.182349 -0.392053 -0.159783 -0.237117 -0.300223 -0.406376 -0.470204 -0.204874 -0.288803 -0.3052 -0.379993 -0.429342 -0.4786 -0.202688 -0.352355 -0.428698 0 0 0 -1.55525 -1.15619 -0.334494 -0.733827 -0.131685 -0.661987 0.253676 -0.333489 -0.378237 -0.223564 -0.244914 -0.370162 -0.426634 -0.258075 -0.278177 -0.345817 0.0132866 -0.390084 0.52941 -0.820961 0.0692325 -0.670996 0.594904 -0.224288 -0.248817 -0.1 -0.1 0 0 0 
-0.114185 -0.580013 -0.489232 -0.334175 -0.100652 -0.302068 0 0 0.790639 -0.21709 -0.253818 -0.280675 -0.313092 -0.108542 -0.171259 -0.270444 -0.0753128 -0.235424 -0.335416 -0.399667 -0.457165 -0.334894 -0.336451 -0.326337 -0.380042 -0.429341 -0.477808 -0.202688 -0.352355 -0.428698 0 0 0 -0.386727 -0.674441 -0.0783819 -0.766353 -0.131685 -0.657715 0.253676 -0.333447 -0.378237 -0.223671 -0.244914 -0.370135 -0.426634 -0.258124 -0.278177 -0.396044 0.0132866 -0.39914 0.52941 -0.804203 0.0692325 -0.680997 0.594904 -0.224288 -0.248817 -0.1 -0.1 0 0 0 
-0.117571 -0.946025 -0.902428 -0.010895 -0.0364412 -0.302112 0 0 0.790639 -0.212433 -0.252657 -0.280142 0.0224475 0.0156846 -0.109773 0.0838447 0.0415036 -0.173725 -0.313811 -0.403013 -0.433095 -0.326716 -0.335908 -0.302534 -0.380116 -0.429352 -0.474604 -0.202688 -0.352355 -0.428698 0 0 0 0.364469 -0.192693 0.0752852 -0.825155 -0.131685 -0.695957 0.253676 -0.33342 -0.378237 -0.223767 -0.244914 -0.370109 -0.426634 -0.258145 -0.278177 -0.375306 0.0132866 -0.359521 0.52941 -0.768686 0.0692325 -0.695458 0.594904 -0.224288 -0.248817 -0.1 -0.1 0 0 0 
-0.11565 -0.704075 -0.669318 0.201086 -0.435683 -0.302164 0 0 0.540437 -0.209386 -0.251686 -0.279221 0.254623 0.119428 -0.0239346 0.326794 0.132087 -0.0827744 -0.317644 -0.479405 -0.439441 -0.268681 -0.294653 -0.271352 -0.380161 -0.429347 -0.470161 -0.202688 -0.352355 -0.428698 0 0 0 0.948732 0.289055 0.17773 -0.864541 -0.131685 -0.758452 0.253676 -0.333402 -0.378237 -0.223865 -0.244914 -0.370084 -0.426634 -0.258143 -0.278177 -0.310234 0.0132866 -0.316999 0.52941 -0.852129 0.0692325 -0.828624 0.594904 -0.224288 -0.248817 -0.1 -0.1 0 0 0 
-0.114893 -0.632912 -0.530771 -0.102951 -0.578062 -0.302095 0 0 0.790639 -0.208906 -0.251163 -0.278277 0.272458 0.172865 0.0388312 0.349743 0.171495 -0.0160357 -0.374955 -0.528045 -0.437359 -0.257955 -0.250764 -0.244805 -0.380206 -0.429358 -0.463971 -0.202688 -0.352355 -0.428698 0 0 0 1.44953 0.824331 0.228952 -0.897674 -0.131685 -0.758501 0.253676 -0.333393 -0.378237 -0.22393 -0.244914 -0.370061 -0.426634 -0.258115 -0.278177 -0.310525 0.0132866 -0.286361 0.52941 -0.974691 0.0692325 -0.93135 0.594904 -0.224288 -0.248817 -0.1 -0.1 0 0 0 
-0.115643 -0.722804 -0.633716 -0.426768 -0.679918 -0.302133 0 0 -0.710574 -0.205858 -0.250673 -0.277428 0.510865 0.231386 0.107325 0.586435 0.209025 0.0604534 -0.35048 -0.499024 -0.382233 -0.182387 -0.195355 -0.198647 -0.380237 -0.429323 -0.457456 -0.202688 -0.352355 -0.428698 0 0 0 1.2826 1.25255 0.0240628 -0.936293 -0.131685 -0.745905 0.253676 -0.333389 -0.378237 -0.223884 -0.244914 -0.370034 -0.426634 -0.258063 -0.278177 -0.37753 0.0132866 -0.295037 0.52941 -1.1231 0.0692325 -0.822723 0.594904 -0.224288 -0.248817 -0.1 -0.1 0 0 0 
-0.10413 0.101326 0.256133 -0.517484 -0.244395 -0.302192 0 0 -1.46118 -0.203103 -0.250925 -0.277026 0.701794 0.221532 0.141297 0.750093 0.17272 0.104695 -0.28911 -0.444348 -0.324903 -0.0535294 -0.190639 -0.162581 -0.380232 -0.428009 -0.44528 -0.202688 -0.352355 -0.428698 0 0 0 0.11407 1.09197 -0.385716 -0.915924 -0.131685 -0.772037 0.253676 -0.333385 -0.378237 -0.223712 -0.244914 -0.369815 -0.425514 -0.257989 -0.278177 -0.461136 0.0132866 -0.343727 0.52941 -1.14407 0.0692325 -0.808348 0.594904 -0.224288 -0.248817 -0.1 -0.1 0 0 0 
-0.0878213 0.76929 0.809464 -0.0391603 0.101941 -0.302217 0 0 -0.710574 -0.206816 -0.252599 -0.27742 0.490006 0.122604 0.117896 0.486104 0.0605428 0.0832711 -0.353896 -0.395188 -0.305129 -0.0981235 -0.164243 -0.147858 -0.380162 -0.422609 -0.426166 -0.202688 -0.352355 -0.428698 0 0 0 -0.720591 0.61022 -0.641828 -0.849787 -0.131685 -0.819281 0.253676 -0.333369 -0.378237 -0.223458 -0.244914 -0.368825 -0.420351 -0.257902 -0.278177 -0.446586 0.0132866 -0.323624 0.52941 -1.06769 0.0692325 -0.777881 0.594904 -0.224288 -0.248817 -0.1 -0.1 0 0 0 
-0.0936286 0.615567 0.601148 0.0974694 0.127427 -0.302149 0 0 -0.960777 -0.213095 -0.254654 -0.278597 0.0759301 -0.018 0.0497162 0.032156 -0.0828038 0.013939 -0.503127 -0.3786 -0.332001 -0.162101 -0.162382 -0.16156 -0.380098 -0.415142 -0.394852 -0.202688 -0.352355 -0.428698 0 0 0 -1.47179 0.0749449 -0.590606 -0.795931 -0.131685 -0.850926 0.253676 -0.333342 -0.378237 -0.223125 -0.244914 -0.366801 -0.413211 -0.257796 -0.278177 -0.405398 0.0132866 -0.260542 0.52941 -0.986321 0.0692325 -0.84946 0.594904 -0.224288 -0.248817 -0.1 -0.1 0 0 0 
-0.107998 -0.0961738 0.0583964 -0.398561 -0.303355 -0.302146 0 0 -0.960777 -0.216758 -0.255192 -0.278973 -0.193841 -0.09755 0.0239925 -0.277304 -0.184426 -0.0175529 -0.49118 -0.323453 -0.348036 -0.203935 -0.187036 -0.177183 -0.380113 -0.404742 -0.356597 -0.202688 -0.352355 -0.428698 0 0 0 -1.13792 -0.674441 -0.590606 -0.791548 -0.131685 -0.877547 0.253676 -0.333319 -0.378237 -0.222708 -0.244914 -0.363371 -0.403265 -0.257676 -0.278177 -0.462123 0.0132866 -0.260823 0.52941 -1.02431 0.0692325 -0.954595 0.594904 -0.224288 -0.248817 -0.1 -0.1 0 0 0 
-0.0978986 0.382966 0.529878 -0.388477 -0.199358 -0.302112 0 0 -0.460372 -0.219913 -0.255142 -0.278644 -0.41824 -0.09337 0.0379787 -0.571188 -0.208418 -0.00734746 -0.405993 -0.221264 -0.336373 -0.244991 -0.159791 -0.168856 -0.37997 -0.393795 -0.291125 -0.202688 -0.352355 -0.428698 0 0 0 -0.553659 -1.26324 -0.385716 -0.755348 -0.131685 -0.908575 0.253676 -0.333272 -0.378237 -0.222284 -0.244914 -0.358516 -0.392799 -0.257541 -0.278177 -0.515431 0.0132866 -0.32578 0.52941 -1.03338 0.0692325 -1.0819 0.594904 -0.224288 -0.248817 -0.1 -0.1 0 0 0 
-0.0930722 0.595898 0.616525 -0.358278 -0.285435 -0.302115 0 0 0.0400324 -0.225179 -0.25602 -0.279234 -0.771913 -0.144386 0.000799199 -0.98526 -0.264343 -0.0393693 -0.351988 -0.158378 -0.344054 -0.324759 -0.101847 -0.172892 -0.376307 -0.373328 -0.187836 -0.202688 -0.352355 -0.428698 0 0 0 -0.97099 -1.10266 -0.180827 -0.706069 -0.131685 -0.89221 0.253676 -0.33263 -0.37507 -0.221947 -0.244914 -0.35099 -0.373226 -0.25741 -0.278177 -0.561628 0.0132866 -0.406829 0.52941 -1.06503 0.0692325 -1.09989 0.594904 -0.224288 -0.248817 -0.1 -0.1 0 0 0 
-0.106544 0.0418402 -0.130864 -0.689284 -0.348863 -0.302068 0 0 -0.460372 -0.227097 -0.256579 -0.279933 -0.892446 -0.202896 -0.0449639 -1.05952 -0.291796 -0.0639136 -0.23508 -0.138621 -0.327018 -0.207787 -0.0676374 -0.155199 -0.36133 -0.341181 -0.106132 -0.202688 -0.352355 -0.428698 0 0 0 -1.30485 -0.995606 -0.283271 -0.694025 -0.131685 -0.839072 0.253676 -0.329596 -0.361507 -0.221731 -0.244914 -0.339318 -0.342487 -0.25729 -0.278177 -0.668816 0.0132866 -0.392724 0.52941 -1.11249 0.0692325 -1.03437 0.594904 -0.224288 -0.248817 -0.1 -0.1 0 0 0 
-0.11254 -0.423503 -0.585634 -1.00609 -0.174719 -0.302006 0 0 -0.21017 -0.222765 -0.256718 -0.280157 -0.659058 -0.23969 -0.0714056 -0.752264 -0.287429 -0.0558036 0.0274862 -0.0645747 -0.250321 -0.0507527 -0.0581688 -0.143076 -0.340614 -0.288522 0.0110775 -0.202688 -0.352355 -0.224105 0 0 0 -1.22139 -0.942078 -0.539383 -0.71213 -0.131685 -0.795802 0.253676 -0.323346 -0.342746 -0.221587 -0.244914 -0.320924 -0.292132 -0.25717 -0.278177 -0.832076 0.0132866 -0.352796 0.52941 -1.11375 0.0692325 -0.964572 0.594904 -0.224288 -0.248817 -0.1 -0.1 0 0 0 
-0.114368 -0.571015 -0.647185 -0.416091 -0.0282992 -0.302188 0 0 -0.460372 -0.217338 -0.256159 -0.280343 -0.31521 -0.201594 -0.102144 -0.364838 -0.214399 -0.0674978 0.296872 0.0156239 -0.185438 0.0132291 -0.0849645 -0.161068 -0.311674 -0.224176 0.167403 -0.202688 -0.352355 0.0917701 0 0 0 -1.05446 -0.942078 -0.795495 -0.739133 -0.131685 -0.79228 0.253676 -0.312712 -0.316537 -0.221512 -0.244914 -0.29452 -0.230603 -0.257062 -0.278177 -0.883241 0.0132866 -0.407786 0.52941 -1.07759 0.0692325 -0.997156 0.594904 -0.224288 -0.248817 -0.1 -0.1 0 0 0 
-0.11545 -0.572974 -0.757547 -0.0702668 -0.207351 -0.301609 0 0 -0.460372 -0.214019 -0.254617 -0.279831 -0.0839806 -0.108833 -0.0560223 -0.0567592 -0.0688132 0.00319833 0.402299 0.00766238 -0.176975 0.0648126 -0.113403 -0.173533 -0.281323 -0.11407 0.361903 -0.202688 -0.352355 0.407645 0 0 0 -0.97099 -0.781496 -1.20527 -0.7656 -0.131685 -0.763196 0.253676 -0.297634 -0.289051 -0.221482 -0.244914 -0.254452 -0.125316 -0.256932 -0.278177 -0.870592 0.0132866 -0.459463 0.52941 -1.08748 0.0692325 -1.00494 0.594904 -0.224288 -0.248817 -0.1 -0.1 0 0 0 
-0.116142 -0.65093 -0.863925 0.0691455 -0.354133 -0.287914 0 0 -0.960777 -0.209591 -0.253425 -0.278765 0.203845 -0.0349041 0.0278747 0.354192 0.0676311 0.125815 0.392452 -0.0692439 -0.165207 0.130558 -0.126508 -0.117353 -0.228169 0.0583271 0.614986 -0.202688 -0.352355 0.72352 0 0 0 -0.637125 -0.835023 -1.7175 -0.796249 -0.131685 -0.723602 0.253676 -0.274781 -0.240913 -0.221447 -0.244914 -0.193218 0.039535 -0.255897 -0.275389 -0.833328 0.0132866 -0.504248 0.52941 -1.13369 0.0692325 -1.03209 0.594904 -0.224288 -0.248817 -0.1 -0.1 0 0 0 
-0.110348 -0.265359 -0.244658 0.312305 0.415531 -0.244015 0 0 0.0400324 -0.204531 -0.252522 -0.254635 0.50761 0.0384635 0.252777 0.729155 0.191641 0.361544 0.230872 -0.166923 0.0260152 0.0733173 -0.153189 0.113097 -0.157428 0.189064 0.898536 -0.202688 -0.352355 1.03939 0 0 0 -0.553659 -0.942078 -1.66628 -0.802615 -0.131685 -0.713926 0.253676 -0.241772 -0.176848 -0.221316 -0.244914 -0.116859 0.164549 -0.251203 -0.262529 -0.754006 0.0132866 -0.608159 0.52941 -0.989325 0.0692325 -1.0728 0.594904 -0.224288 -0.248817 -0.1 -0.1 0 0 0 
-0.0976907 0.401522 0.436014 0.235719 0.455766 -0.221667 0 0 0.290235 -0.204815 -0.251767 0.169321 0.511214 0.0791775 0.569843 0.715425 0.250743 0.670415 -0.0243802 -0.214119 0.365796 -0.155083 -0.211848 0.442266 -0.046695 0.373386 1.17674 -0.202688 -0.0309858 1.15068 0 0 0 -1.22139 -1.15619 -1.56383 -0.768571 -0.131685 -0.728472 0.253676 -0.192987 -0.0765656 -0.2211 -0.244914 -0.0191897 0.340804 -0.241606 -0.244746 -0.689917 0.0132866 -0.766426 0.52941 -0.838568 0.0692325 -1.07388 0.594904 -0.224288 -0.248817 -0.1 -0.1 0 0 0 
-0.0912208 0.677153 0.639932 0.421417 0.110113 -0.19002 0 0 0.790639 -0.208185 -0.252863 0.200113 0.311153 0.00556434 0.52098 0.494314 0.179773 0.62136 -0.317765 -0.259485 0.379022 -0.284172 -0.23924 0.439524 0.0825942 0.618489 1.2842 -0.202688 0.465181 1.26349 0 0 0 -1.22139 -1.10266 -1.33699 -0.718874 -0.131685 -0.750168 0.253676 -0.126233 0.040522 -0.22091 -0.244914 0.106576 0.575179 -0.225348 -0.219976 -0.595284 0.0132866 -0.816027 0.52941 -0.774432 0.0692325 -1.04287 0.594904 -0.224288 -0.248817 -0.1 -0.1 0 0 0 
-0.0961001 0.490293 0.5041 0.67186 0.422892 -0.184162 0 0 0.290235 -0.210482 -0.254741 0.235756 0.142034 -0.111486 0.474601 0.330803 0.0781862 0.580469 -0.596602 -0.384684 0.358499 -0.374677 -0.295518 0.435402 0.329519 0.924356 1.40675 -0.202688 0.961349 1.39366 0 0 0 -0.386727 -0.674441 -1.13435 -0.68134 -0.131685 -0.771433 0.253676 -0.0249503 0.264143 -0.220534 -0.244914 0.266911 0.867659 -0.202332 -0.193907 -0.46012 0.0132866 -0.803764 0.52941 -0.637424 0.0692325 -1.05134 0.594904 -0.224288 -0.248817 -0.1 -0.1 0 0 0 
-0.099378 0.307715 0.472766 0.316406 0.0905769 -0.0816491 0 0 0.0400324 -0.212707 -0.25497 0.277856 -0.00466285 -0.12562 0.450488 0.142425 0.0710644 0.548821 -0.840478 -0.451698 0.332588 -0.489219 -0.318182 0.435996 0.725558 1.32003 1.54337 -0.202688 1.45752 1.54552 0 0 0 0.197537 -0.460331 -0.757078 -0.655305 -0.131685 -0.796057 0.253676 0.131215 0.622806 -0.21534 -0.231117 0.471512 1.24601 -0.166651 -0.145161 -0.387953 0.0132866 -0.76764 0.52941 -0.581623 0.0692325 -1.09099 0.594904 -0.224288 -0.248817 -0.1 -0.1 0 0 0 
-0.094197 0.50842 0.669207 -0.424543 -0.0473089 0.0440227 0 0 -0.710574 -0.216678 -0.219503 0.328091 -0.244477 0.16463 0.474615 -0.169185 0.320482 0.56312 -0.889308 -0.13717 0.370205 -0.557608 0.0164845 0.490813 0.965202 1.7511 1.69088 -0.202688 1.95368 1.72499 0 0 0 0.281003 -0.299748 -0.455565 -0.618284 -0.131685 -0.801172 0.253676 0.318085 0.839833 -0.190787 -0.172025 0.723124 1.65822 -0.111319 -0.0686001 -0.440919 0.0132866 -0.690743 0.52941 -0.559114 0.0692325 -0.967148 0.594904 -0.224288 -0.248817 -0.1 -0.1 0 0 0 
-0.103699 0.118297 0.234551 -0.601922 -0.35253 0.265037 0 0 -1.21098 -0.219366 0.41692 0.389492 -0.399563 0.67956 0.563927 -0.342771 0.787315 0.643519 -0.717779 0.426431 0.491786 -0.448572 0.578695 0.603814 1.2928 2.14715 1.84508 0.475182 2.12848 1.94036 0 0 0 -0.386727 -0.299748 -0.616217 -0.604328 -0.131685 -0.77382 0.253676 0.547054 1.13651 -0.140226 -0.0902921 1.01603 2.03693 -0.0241197 0.0568121 -0.521947 0.0132866 -0.628614 0.52941 -0.607236 0.0692325 -0.837826 0.594904 -0.224288 -0.248817 -0.1 -0.1 0 0 0 
-0.102491 0.171401 0.249681 -0.450767 -0.148275 0.3908 0 0 -1.21098 -0.219879 0.491036 0.464549 -0.447294 0.72124 0.678048 -0.399723 0.79977 0.752 -0.553347 0.512272 0.639295 -0.302529 0.705082 0.739919 1.71958 2.31907 2.01403 1.52175 2.40413 2.20359 0 0 0 -1.22139 -0.650651 -0.863792 -0.587685 -0.131685 -0.733891 0.253676 0.830582 1.52301 -0.0541838 0.0238884 1.32264 2.20133 0.101053 0.210056 -0.576551 0.0132866 -0.536875 0.52941 -0.607884 0.0692325 -0.78281 0.594904 -0.224288 -0.248817 -0.1 -0.1 0 0 0 
-0.090755 0.613501 0.747119 -0.499804 -0.0618808 0.883854 0 0 -0.960777 -0.220748 0.582692 0.556666 -0.486858 0.722381 0.725884 -0.462739 0.771024 0.792504 -0.409927 0.660694 0.789901 -0.250746 0.848274 0.867138 2.17338 2.47821 2.17506 2.56833 2.74869 2.53263 0 0 0 -1.05446 -0.915315 -1.06441 -0.546745 -0.131685 -0.703734 0.253676 1.17062 1.93399 0.0678121 0.143637 1.641 2.3535 0.290999 0.472284 -0.637876 0.0132866 -0.405844 0.52941 -0.589099 0.0692325 -0.665283 0.594904 -0.224288 -0.248817 -0.1 -0.1 0 0 0 
-0.0972713 0.395169 0.531535 -0.698723 -0.0678807 1.56887 0 0 -0.960777 -0.221939 0.700528 0.675693 -0.528153 0.730444 0.819469 -0.526456 0.730151 0.87407 -0.0952556 0.897289 1.00531 -0.113756 1.0119 1.0342 2.60215 2.56457 2.28477 3.6149 3.1917 2.95568 0 0 0 -0.386727 -1.15619 -1.35894 -0.518732 -0.131685 -0.682817 0.253676 1.56193 2.3223 0.252707 0.353357 1.96242 2.43608 0.581288 0.882863 -0.729615 0.0132866 -0.335884 0.52941 -0.572052 0.0692325 -0.617415 0.594904 -0.224288 -0.248817 -0.1 -0.1 0 0 0 
-0.108205 -0.128153 0.0161215 -0.529132 -0.0735056 1.17795 0 0 0.0400324 -0.149486 0.859702 0.83614 0.040069 0.85734 1.04449 -0.020967 0.807653 1.08279 0.791951 1.20677 1.28178 0.658636 1.22423 1.25601 3.13884 2.71458 2.46901 4.66147 3.78237 3.51974 0 0 0 -0.553659 -0.977763 -1.30772 -0.519883 -0.131685 -0.653072 0.253676 2.01747 2.80833 0.519778 0.632461 2.294 2.57953 0.943283 1.19422 -0.792635 0.0132866 -0.38723 0.52941 -0.556605 0.0692325 -0.598107 0.594904 -0.224288 -0.248817 -0.1 -0.1 0 0 0 
-0.108378 -0.139536 0.0399849 -0.102814 -0.0645779 1.82121 17.2931 0 0.0400324 1.14165 1.08412 1.06061 1.18315 1.14636 1.35528 1.05113 1.0639 1.35471 1.91748 1.56574 1.5802 1.82518 1.58283 1.56666 3.63493 2.91448 2.68331 4.35231 3.96658 3.69564 0 0 0 -1.30485 -0.727968 -0.846718 -0.521624 -0.131685 -0.64186 0.253676 2.52976 3.25761 0.914495 1.06936 2.64102 2.77068 1.4063 1.6332 -0.787753 0.0132866 -0.46578 0.52941 -0.53954 0.0692325 -0.639387 0.594904 0.614117 2.60473 -0.1 -0.1 0 0 0 
-0.112473 -0.429332 -0.315444 -0.103586 0.0490323 2.52957 26.6991 0 -0.21017 1.48353 1.42228 1.39768 1.6869 1.70125 1.85169 1.51694 1.59877 1.81834 2.30703 2.04115 1.9973 2.26476 2.08576 2.02686 3.69671 3.05823 2.86344 3.50497 3.48452 3.33761 0 0 0 -1.36745 -0.540622 -0.449744 -0.538819 -0.131685 -0.628488 0.253676 3.03956 3.31356 1.45459 1.57946 2.99677 2.90813 2.00251 2.21694 -0.783092 0.0132866 -0.518715 0.52941 -0.498358 0.0692325 -0.639943 0.594904 1.88633 4.15682 -0.1 -0.1 0 0 0 
-0.10876 -0.155425 -0.0455226 -0.338571 0.0362888 3.22136 26.6991 0 0.0400324 2.0528 1.98531 1.9589 2.48356 2.56764 2.62176 2.26055 2.43594 2.55268 3.07788 2.88439 2.80201 3.04151 2.87025 2.80183 3.61933 3.14728 3.01173 2.17595 2.72055 2.76599 0 0 0 -0.581481 -0.17485 0.433842 -0.54117 -0.131685 -0.595595 0.253676 3.52871 3.31356 2.27405 2.55369 3.35497 2.99329 2.7626 2.94539 -0.814467 0.0132866 -0.578165 0.52941 -0.460741 0.0692325 -0.623829 0.594904 3.13231 4.15682 -0.1 -0.1 0 0 0 
-0.101158 0.243687 0.367689 0.396992 0.390621 4.29668 26.6991 0 -0.21017 3.18863 3.10705 3.07878 3.86186 4.00656 3.98931 3.53313 3.80249 3.83217 4.43838 4.31662 4.19752 4.50943 4.33321 4.22323 3.27126 3.01491 2.98122 0.564487 1.68876 1.93863 0 0 0 0.447935 0.663748 1.81685 -0.522575 -0.131685 -0.573088 0.253676 3.96275 3.31356 3.53756 4.11625 3.69146 2.99329 3.73254 3.88772 -0.733848 0.0132866 -0.667098 0.52941 -0.349122 0.0692325 -0.609206 0.594904 4.35286 4.15682 -0.1 -0.1 0 0 0 
0.455404 3.73905 3.30268 4.84855 5.08649 4.90599 26.6991 0 -1.46118 6.2306 6.11486 6.0838 5.0454 5.28562 5.21826 4.70596 5.12765 5.07896 5.34595 5.3556 5.24215 5.47948 5.31628 5.19049 2.54691 2.59414 2.71549 -2.17676 -0.414251 0.0883043 0 0 0 0.698334 0.61022 1.97051 -0.323184 6.9355 -0.574012 0.253676 4.29505 3.31356 5.04949 5.06176 3.97587 2.99329 4.92535 4.91436 0.0122305 6.6308 -0.728191 0.52941 0.741132 6.45341 -0.595955 0.594904 5.54875 4.15682 -0.1 -0.1 0 0 0 
9.88384 6.82756 6.23276 7.90265 7.94167 4.87552 9.40597 0 -1.46118 6.15787 6.07979 6.05975 4.46403 5.01914 4.99727 4.19127 4.89114 4.86576 4.59963 4.99493 5.03227 4.7301 4.95517 4.9719 1.58385 2.14259 2.43116 -3.22333 -0.910418 -0.227571 0 0 0 0.197537 0.449638 1.66318 -0.323184 6.9355 -0.575411 0.253676 4.29505 3.31356 6.90204 6.35428 3.97587 2.99329 6.31393 5.85758 0.0122305 6.6308 -0.723458 0.52941 0.741132 6.45341 -0.581316 0.594904 5.54875 4.15682 9.9 9.9 0 0 0 
