45 63
-0.197403 0.179386 0.252086 -1.13743 -1.15703 -0.234731 0 -0.593059 -0.162393 -0.631554 -0.871574 -1.08801 -0.345468 -0.6365 -0.942781 -0.438036 -0.692714 -0.991415 0.3737 -0.535881 -1.02438 0.531083 -0.394147 -0.913745 -0.884885 -1.1123 -1.36398 -0.477096 -0.708905 -0.482874 0.0980152 0.890622 1.57692 0.415233 -0.166087 -0.426722 1.53247 -1.22139 1.30687 -1.05539 -0.919635 -1.24936 -0.561068 -0.817375 -1.13362 -1.37348 -0.739254 -0.88169 -1.82379 -1.73002 -1.5889 -1.47822 -1.94469 -1.81653 -1.65234 -1.5057 -1.29003 -1.58699 -1.04399 -1.235 -0.667257 0.214412 0.991007 
0.0156371 0.481985 0.437521 -0.461664 -0.40878 -0.528188 0 -0.593059 -0.724524 -0.74203 -0.954229 -1.1472 -0.442961 -0.72964 -1.02358 -0.536155 -0.78425 -1.07245 0.29823 -0.646073 -1.09038 0.47934 -0.498694 -0.988151 -1.00558 -1.15881 -1.39819 -0.477096 -0.675428 -0.293401 0.294046 1.1039 1.67325 0.415233 -0.166087 -0.426722 2.05264 -0.678631 1.30687 -1.05539 -1.04957 -1.24936 -0.561068 -0.817375 -1.17912 -1.37348 -0.739254 -0.88169 -0.618341 -0.92279 -1.5889 -1.47822 -0.604591 -0.919558 -1.65234 -1.5057 -1.29003 -1.58699 -1.04399 -1.235 -0.415989 0.516755 1.13987 
-0.246717 0.123463 0.177481 -0.908289 -0.829468 -0.283182 0 -0.593059 -0.724524 -1.09182 -1.17197 -1.32129 -0.845749 -1.00081 -1.26462 -0.83451 -0.99025 -1.25732 -0.895933 -1.4727 -1.74998 -0.860363 -1.398 -1.726 -0.867749 -1.062 -1.27753 -0.477096 -0.582195 -0.103454 0.588091 1.31718 1.73747 -0.290768 -0.564507 -0.849531 1.81516 -0.678631 1.30687 -1.05539 -0.993958 -1.23599 -0.561068 -0.817375 -1.13115 -1.33055 -0.739254 -0.88169 -0.747659 -0.92279 -1.5889 -1.47822 -0.660187 -0.919558 -1.65234 -1.5057 -1.29003 -1.58699 -1.04399 -1.235 -0.0390862 0.819097 1.23911 
-0.321724 0.0577714 0.0269043 -0.445817 -0.413767 -0.528603 0 -0.593059 -0.724524 -1.10603 -1.16644 -1.30603 -0.904629 -1.04185 -1.29814 -0.928389 -1.05263 -1.30795 -0.824117 -1.43063 -1.7186 -0.823091 -1.39666 -1.73887 -1.11932 -1.18924 -1.36066 -0.477096 -0.42866 0.0866462 0.980152 1.53046 1.76958 -0.526101 -0.730515 -0.990467 1.63996 -0.678631 1.30687 -1.05539 -1.10157 -1.23599 -0.561068 -0.817375 -1.16941 -1.33055 -0.739254 -0.88169 -0.399833 -0.903861 -1.5889 -1.47822 -0.315728 -0.919558 -1.65234 -1.5057 -1.29003 -1.58699 -1.04399 -1.235 0.46345 1.12144 1.28874 
-0.378988 -0.0423947 -0.0500352 -0.549837 -0.448594 -0.581233 0 -0.593059 -0.724524 -1.15505 -1.17198 -1.29305 -1.06741 -1.12918 -1.33788 -1.05447 -1.12003 -1.33359 -1.37318 -1.73287 -1.95656 -1.36623 -1.72585 -1.98081 -1.20423 -1.19495 -1.34068 -0.477096 -0.214601 0.276677 1.47023 1.74374 1.76958 -0.643768 -0.813519 -1.06094 1.46596 -0.678631 1.30687 -1.05539 -1.2027 -1.23599 -0.561068 -0.817375 -1.19459 -1.33055 -0.739254 -0.88169 -0.265359 -0.903861 -1.5889 -1.47822 -0.134002 -0.919558 -1.65234 -1.5057 -1.29003 -1.58699 -1.04399 -1.235 1.09162 1.42378 1.28874 
-0.341527 -0.00448342 0.0312582 -0.789944 -0.77601 -0.617321 0 -0.0593059 -0.724524 -1.1937 -1.17994 -1.28347 -1.15541 -1.18079 -1.35585 -1.14556 -1.17067 -1.34815 -1.52068 -1.82927 -1.94902 -1.52777 -1.85648 -1.99449 -1.21051 -1.17685 -1.31643 -0.477096 0.0600304 0.466601 1.86229 1.87171 1.73747 -0.714368 -0.863322 -1.10322 1.37169 -0.678631 1.30687 -1.05539 -1.27238 -1.23599 -0.561068 -0.817375 -1.20549 -1.33055 -0.739254 -0.88169 -0.318479 -0.903861 -1.5889 -1.47822 -0.208318 -0.919558 -1.65234 -1.5057 -1.29003 -1.58699 -1.04399 -1.235 1.59416 1.60519 1.23911 
-0.247418 0.173365 0.122666 -0.611833 -0.519115 -0.856313 0 0.474447 -0.724524 -1.27603 -1.22255 -1.29737 -1.28707 -1.25993 -1.38691 -1.26023 -1.25443 -1.38407 -1.89251 -1.88172 -1.78758 -1.90435 -1.92039 -1.82783 -1.08477 -1.15398 -1.27403 -0.392603 0.361806 0.656292 2.05832 1.84327 1.59298 -0.996769 -0.896523 -1.1314 1.3917 -0.678631 1.78049 -0.413503 -1.28347 -1.23599 -0.561068 -0.817375 -1.20687 -1.33055 -0.739254 -0.88169 -0.265645 -0.903861 -0.229967 -0.587395 -0.129944 -0.919558 -0.196814 -0.561256 -1.29003 -1.58699 -1.04399 -1.235 1.84543 1.56487 1.01582 
-0.54701 -0.395087 -0.316328 -1.595 -1.81561 -0.642113 0 1.0082 -0.724524 -1.25946 -1.27105 -1.31944 -1.38408 -1.39444 -1.44536 -1.35304 -1.377 -1.43404 -1.81926 -1.8742 -1.56188 -1.78304 -1.92028 -1.599 -1.08935 -1.11202 -1.20523 -0.157294 0.66434 0.845758 2.05832 1.6889 1.3705 -0.714368 -0.920239 -1.15154 1.16241 -0.678631 1.56427 -0.413503 -1.29302 -1.23599 -0.561068 -0.817375 -1.19765 -1.33055 -0.739254 -0.88169 -0.664472 -0.903861 -0.37575 -0.587395 -0.651662 -0.919558 -0.257197 -0.561256 -1.29003 -1.58699 -1.04399 -1.235 1.84543 1.34604 0.672011 
-0.615271 -0.473986 -0.553217 -0.484155 -0.411892 -1.04875 0 1.54195 -0.724524 -1.21129 -1.25886 -1.28622 -1.39705 -1.43539 -1.40932 -1.38408 -1.43164 -1.40582 -1.53296 -1.69598 -1.27907 -1.39106 -1.70216 -1.27682 -1.01671 -1.10501 -1.15542 0.230213 0.967115 1.03493 1.86229 1.42382 1.08725 -0.714368 -0.938025 -1.16664 0.953939 -0.678631 1.40474 -0.413503 -1.28307 -1.23599 -0.561068 -0.817375 -1.18895 -1.33055 -0.739254 -0.88169 -0.534322 -0.903861 0.0163625 -0.566505 -0.49877 -0.919558 0.116929 -0.561256 -1.29003 -1.58699 -1.04399 -1.235 1.59416 0.970268 0.234277 
-0.719334 -0.812492 -0.78228 -1.15489 -1.12595 -1.03697 0 2.07571 -0.724524 -1.14985 -1.23054 -1.2372 -1.4161 -1.44097 -1.34178 -1.3867 -1.42912 -1.32904 -1.46751 -1.75829 -1.23202 -1.40937 -1.78044 -1.23319 -0.839837 -1.02685 -1.04421 0.770475 1.26978 1.22379 1.47023 1.05651 0.752778 -0.714368 -0.951859 -1.17838 0.67078 -0.678631 1.24632 -0.413503 -1.23702 -1.21421 -0.561068 -0.817375 -1.1667 -1.30055 -0.739254 -0.88169 -0.669497 -0.903861 0.167958 -0.566505 -0.632229 -0.919558 0.314306 -0.561256 -1.29003 -1.58699 -1.04399 -1.235 1.09162 0.449567 -0.282615 
-0.624988 -0.536088 -0.534564 -0.894968 -0.866809 -0.821936 0 2.07571 -0.724524 -1.07309 -1.19867 -1.18376 -1.32396 -1.41079 -1.25624 -1.30846 -1.3992 -1.24528 -1.15975 -1.53223 -1.12571 -1.12313 -1.5632 -1.12056 -0.682138 -0.974938 -0.939029 1.46362 1.57228 1.41232 0.882137 0.677342 0.404925 -0.714368 -0.962927 -1.18778 0.525494 -0.678631 1.16048 -0.413503 -1.16849 -1.09117 -0.561068 -0.817375 -1.13926 -1.25623 -0.739254 -0.88169 -0.695795 -0.903861 0.108075 -0.566505 -0.657038 -0.919558 0.23359 -0.561256 -1.29003 -1.58699 -1.04399 -1.235 0.337816 -0.0879299 -0.820182 
-0.587587 -0.427286 -0.466135 -1.00421 -0.94111 -0.897074 22.8297 2.07571 -0.724524 -1.02275 -1.15778 -1.16076 -1.29694 -1.37146 -1.22821 -1.27774 -1.35626 -1.21634 -1.11439 -1.27027 -1.00194 -1.13255 -1.31548 -0.978587 -0.63925 -0.883024 -0.866196 2.14077 1.84092 1.57948 0.294046 0.250782 0.0911273 -0.714368 -1.06253 -1.19547 0.435595 -0.678631 1.1787 -0.413503 -1.10367 -1.05771 -0.721298 -0.817375 -1.1014 -1.17777 -0.793694 -0.88169 -0.750186 -0.903861 0.167636 -0.566505 -0.699891 -0.919558 0.318713 -0.561256 -1.25581 -1.33674 -1.04399 -1.235 -0.415989 -0.692614 -1.07957 
-0.770607 -1.01079 -0.929012 -1.59944 -1.66727 -0.982673 63.5803 2.07571 -1.28665 -0.936025 -1.08434 -1.12488 -1.30914 -1.30675 -1.16905 -1.29075 -1.29334 -1.15645 -0.821948 -0.726969 -0.773569 -0.901341 -0.787104 -0.734639 -0.583682 -0.784175 -0.77655 2.58453 2.01598 1.68252 -0.294046 -0.175777 -0.197129 -0.996769 -1.16214 -1.31462 0.20521 -0.678631 0.969932 -0.413503 -1.03963 -1.01435 -0.652722 -0.802187 -1.0545 -1.0934 -0.7363 -0.837168 -0.959563 -0.903861 -0.281971 -0.566505 -0.936234 -0.919558 -0.247938 -0.561256 -1.17049 -0.890061 -1.04399 -1.235 -0.415989 -0.692614 -0.634101 
-0.80086 -1.0336 -1.14664 -0.601194 -0.562166 -1.21018 104.704 2.07571 -0.724524 -0.885115 -1.00564 -0.997529 -1.27482 -1.17379 -0.999007 -1.26172 -1.15993 -0.986689 -0.881714 -0.418364 -0.53541 -1.06266 -0.475116 -0.499559 -0.435405 -0.620966 -0.666499 2.72589 2.07051 1.70814 -0.882137 -0.602337 -0.465737 -0.714368 -1.06253 -1.15959 0.00213544 -0.678631 0.780115 -0.413503 -0.961932 -0.898664 -0.785424 -0.802187 -0.991481 -0.954079 -0.78207 -0.837168 -0.884643 -0.903861 -0.135251 -0.566505 -0.856068 -0.919558 -0.0818784 -0.561256 -1.04453 -0.439291 -1.04399 -1.235 0.337816 -0.0879299 -0.218997 
-0.866595 -1.40455 -1.37079 -1.06299 -1.16312 -1.07626 145.978 2.07571 -0.724524 -0.813492 -0.908626 -0.84584 -1.11977 -0.978465 -0.804046 -1.10671 -0.957651 -0.784833 -0.839912 -0.213633 -0.370682 -0.961506 -0.238866 -0.371342 -0.343943 -0.450945 -0.519518 2.56202 2.00372 1.66433 -1.47023 -1.0289 -0.718908 -0.714368 -1.06253 -0.990467 -0.258886 -0.678631 0.522296 -0.413503 -0.881464 -0.827303 -0.910138 -0.802187 -0.914688 -0.808947 -0.812205 -0.837168 -0.929547 -0.903861 -0.287636 -0.566505 -0.930097 -0.919558 -0.226832 -0.561256 -0.885884 0.0131316 -1.04399 -1.235 1.09162 0.516755 0.17225 
-0.78256 -1.0145 -1.01574 -0.887631 -0.933786 -0.848935 187.286 1.54195 -0.724524 -0.755485 -0.807429 -0.757403 -0.948724 -0.769506 -0.651628 -0.929533 -0.752616 -0.638122 -0.520843 -0.0439942 -0.186704 -0.568646 -0.00391865 -0.205488 -0.332095 -0.292303 -0.382547 2.09208 1.81529 1.55721 -1.86229 -1.4128 -0.92762 -0.714368 -1.06253 -0.877718 -0.403465 -0.678631 0.390012 -0.413503 -0.80946 -0.818059 -0.996057 -0.802187 -0.828095 -0.673528 -0.825235 -0.837168 -0.929737 -0.903861 -0.317282 -0.566505 -0.943531 -0.919558 -0.253778 -0.561256 -0.700638 0.465919 -1.04399 -1.235 1.59416 1.06097 0.494791 
-0.751176 -0.873359 -0.933385 -1.01897 -1.05201 -0.985089 205.797 1.0082 -0.724524 -0.674855 -0.733266 -0.69762 -0.761404 -0.637123 -0.552915 -0.747012 -0.614426 -0.530806 0.252945 0.168647 -0.0417628 0.242377 0.269494 -0.0461741 -0.237635 -0.161351 -0.206385 1.39982 1.5386 1.38246 -2.05832 -1.66874 -1.15239 -0.714368 -1.06253 -0.708594 -0.502492 -0.678631 0.308157 -0.413503 -0.733964 -0.744359 -1.00974 -0.802187 -0.736616 -0.561746 -0.826892 -0.837168 -0.957469 -0.903861 -0.378599 -0.566505 -0.980295 -0.919558 -0.300322 -0.561256 -0.517604 0.668828 -1.00861 -1.00343 1.84543 1.42378 0.842142 
-0.90428 -1.65009 -1.55957 -1.40992 -1.59623 -0.872362 206.313 0.474447 -0.724524 -0.57826 -0.617101 -0.560375 -0.506186 -0.402943 -0.341315 -0.49293 -0.386287 -0.325358 1.23683 0.558077 0.248821 1.27311 0.739135 0.301658 -0.0931462 -0.0465602 0.000415487 0.720721 1.2335 1.19023 -2.05832 -1.7967 -1.31293 -0.714368 -0.962927 -0.595845 -0.738873 -0.678631 0.0983896 -0.413503 -0.649572 -0.631625 -1.02151 -0.802187 -0.642824 -0.463759 -0.815857 -0.837168 -1.05961 -0.903861 -0.614634 -0.566505 -1.12127 -0.919558 -0.55702 -0.561256 -0.35439 0.674489 -0.92035 -0.590088 1.84543 1.60519 1.09025 
-0.903236 -1.54065 -1.66617 -0.724551 -0.757825 -1.14762 206.479 -0.0593059 -0.724524 -0.457914 -0.386488 -0.291572 -0.0923444 -0.0332531 -0.0492432 -0.0689319 -0.00927085 -0.0287805 1.61986 0.775205 0.495508 1.68363 0.939223 0.612323 0.0621141 0.114884 0.236169 0.188746 0.926879 0.996924 -1.86229 -1.7967 -1.40926 -0.996769 -0.763717 -0.483096 -0.930568 -0.678631 -0.0865112 -0.413503 -0.55647 -0.510487 -1.00924 -0.802187 -0.542279 -0.325948 -0.80545 -0.837168 -1.0223 -0.903861 -0.530175 -0.566505 -1.08935 -0.919558 -0.46995 -0.561256 -0.208201 0.676299 -0.790061 -0.172962 1.59416 1.60519 1.23911 
-0.881643 -1.47335 -1.46679 -1.09685 -1.09769 -0.98904 206.404 -0.593059 -0.724524 -0.312488 -0.130229 -0.0266399 0.347179 0.327277 0.229188 0.37949 0.356243 0.254841 2.12738 1.1774 0.765626 2.23923 1.27793 0.890708 0.252327 0.294552 0.494648 -0.192621 0.619777 0.803612 -1.47023 -1.66874 -1.44137 -0.996769 -0.464902 -0.370347 -1.09152 -0.678631 -0.324174 -0.413503 -0.4522 -0.362079 -0.952463 -0.777447 -0.434212 -0.172581 -0.778827 -0.806051 -1.05514 -0.903861 -0.580796 -0.566505 -1.12149 -0.919558 -0.550355 -0.561256 -0.0766982 0.676299 -0.625959 0.245692 1.09162 1.42378 1.28874 
-0.791701 -1.06511 -1.0357 -0.160853 -0.133228 -0.856016 206.287 -0.593059 -0.724524 -0.196941 -0.00601322 0.121658 0.599014 0.545383 0.435455 0.634822 0.567162 0.456221 1.94102 1.29519 0.931962 2.05905 1.33586 1.05868 0.503579 0.476875 0.685099 -0.42188 0.312686 0.610634 -0.980152 -1.45546 -1.44137 -0.996769 -0.265692 -0.144849 -1.17032 -0.678631 -0.455814 -0.413503 -0.332099 -0.166045 -0.867943 -0.637672 -0.319448 -0.0169483 -0.745997 -0.760097 -0.925829 -0.56346 -0.581011 -0.566505 -0.98606 -0.589236 -0.564946 -0.561256 0.0421809 0.676299 -0.434345 0.664684 0.46345 1.12144 1.28874 
-0.716758 -0.758793 -0.82887 0.52804 0.610425 -0.75528 206.035 -0.593059 -0.724524 -0.165469 0.0380578 0.216632 0.668008 0.63515 0.572213 0.707328 0.662825 0.599714 1.27536 1.13121 0.868911 1.48288 1.17963 1.00329 0.71849 0.671447 0.837264 -0.49829 0.00613927 0.418342 -0.588091 -1.24218 -1.40926 -0.996769 -0.0664823 0.0806491 -1.19408 -0.678631 -0.545979 -0.413503 -0.201884 0.00163305 -0.78802 -0.599658 -0.197813 0.149141 -0.700707 -0.678733 -0.696562 0.259449 -0.612273 -0.566505 -0.741864 0.302228 -0.604876 -0.561256 0.150047 0.676299 -0.245019 0.852448 -0.0390862 0.819097 1.23911 
-0.837867 -1.28826 -1.21149 0.533041 0.490787 -0.567557 205.789 -0.593059 -0.724524 -0.0633307 0.185212 0.37893 0.909055 0.856778 0.76792 0.939052 0.877527 0.789133 0.280427 0.810566 0.79198 0.596067 0.929261 0.935519 0.809362 0.905823 0.974097 -0.50563 -0.266125 0.226972 -0.294046 -1.0289 -1.34504 -0.714368 0.132727 0.306147 -1.29491 -0.678631 -0.761206 -0.413503 -0.0744843 0.0725339 -0.709043 -0.550406 -0.0668163 0.349208 -0.644585 -0.591229 -0.486456 0.265422 -0.727415 -0.566505 -0.537534 0.302228 -0.757995 -0.561256 0.248341 0.676299 -0.0761946 0.857687 -0.415989 0.516755 1.13987 
-0.750352 -0.869908 -0.936149 0.227107 0.188608 -0.615208 205.473 -0.593059 -0.724524 0.401358 0.560536 0.664306 1.32652 1.13665 0.982139 1.37553 1.1645 1.00541 -0.544024 0.50537 0.702419 -0.245836 0.696419 0.830224 0.887707 1.10913 1.10195 -0.510278 -0.478536 0.0372284 -0.0980152 -0.815617 -1.24872 -0.149568 0.232332 0.531645 -1.32742 -0.678631 -0.935746 -0.413503 0.049327 0.13366 -0.613227 -0.418981 0.0698389 0.522749 -0.569189 -0.446752 -0.339337 0.265422 -0.685359 -0.566505 -0.395331 0.302228 -0.723324 -0.561256 0.338207 0.676299 0.0750201 0.859361 -0.667257 0.214412 0.991007 
-0.637743 -0.589058 -0.547371 -0.210343 -0.108591 -0.409349 205.133 -0.593059 -0.724524 0.899221 0.9108 0.890725 1.61018 1.34397 1.14044 1.63918 1.3646 1.15882 -0.593419 0.563747 0.848882 -0.50697 0.759791 0.930405 0.96643 1.3183 1.22803 -0.512773 -0.629554 -0.151271 -9.44607e-18 -0.602337 -1.12028 0.697633 0.431542 0.813518 -1.3187 -0.678631 -1.0823 -0.413503 0.170013 0.195082 -0.513997 -0.337915 0.211933 0.701304 -0.47731 -0.296245 -0.266414 0.265422 -0.722375 -0.566505 -0.307087 0.302228 -0.758232 -0.561256 0.420639 0.676299 0.211044 0.859361 -0.792891 -0.0879299 0.79252 
-0.531618 -0.336703 -0.312358 -0.565545 -0.452011 -0.0857181 204.767 -0.593059 -0.724524 1.00012 1.03818 0.982243 1.5646 1.39365 1.20829 1.56281 1.40952 1.22235 -0.514929 0.646944 0.980757 -0.66974 0.772996 0.989806 1.0194 1.40643 1.31839 -0.513615 -0.718763 -0.338493 -9.44607e-18 -0.389057 -0.95973 1.26243 0.829962 1.03902 -1.27729 -0.678631 -1.15404 -0.413503 0.285803 0.236407 -0.425204 -0.327413 0.349729 0.776535 -0.373705 -0.15581 -0.24784 0.265422 -0.576604 -0.190854 -0.272943 0.302228 -0.611138 -0.213455 0.496477 0.676299 0.334009 0.859361 -0.792891 -0.390272 0.544412 
-0.650961 -0.590999 -0.61616 -0.0696961 0.18237 -0.178085 204.391 -0.593059 -0.724524 0.928321 1.10168 1.04015 1.39121 1.43337 1.2672 1.40925 1.45456 1.28235 -0.0479711 0.722563 1.09951 -0.348552 0.794646 1.06371 1.07885 1.46361 1.39701 -0.512129 -0.745758 -0.524609 -9.44607e-18 -0.218433 -0.799182 1.82723 1.22838 1.26451 -1.27132 -0.678631 -1.17567 -0.413503 0.397756 0.282796 -0.332104 -0.243688 0.481461 0.825342 -0.264256 -0.0398887 -0.165123 0.265422 -0.318147 0.717271 -0.157168 0.302228 -0.345909 0.725182 0.566447 0.676299 0.445583 0.859361 -0.792891 -0.632146 0.296304 
-0.560246 -0.410644 -0.363394 0.10035 0.262184 -0.0906932 204.044 -0.593059 -0.162393 1.18088 1.2737 1.16253 1.63973 1.55532 1.37031 1.62615 1.56474 1.37838 0.446526 0.717213 1.14788 0.0891644 0.70389 1.07518 1.42705 1.54493 1.45001 -0.508713 -0.74381 -0.688721 -9.44607e-18 -0.0904652 -0.638634 2.10964 1.5272 1.43364 -1.24363 -0.678631 -1.26749 -0.413503 0.528489 0.554471 -0.228035 -0.115622 0.609467 0.894757 -0.152038 0.0617273 -0.0666478 0.265422 -0.0812897 0.723863 -0.0394517 0.302228 -0.123981 0.725182 0.631196 0.676299 0.547257 0.859361 -0.792891 -0.813551 0.048196 
0.422536 0.813421 0.812555 0.529586 0.480359 -0.0974083 203.693 -0.593059 0.399737 1.69383 1.53257 1.3073 1.60621 1.53251 1.39224 1.61173 1.54642 1.40041 0.828488 0.627648 1.10952 0.515602 0.555802 1.02602 1.80698 1.60583 1.4624 -0.505457 -0.738315 -0.814453 -9.44607e-18 -0.00515332 -0.478087 1.82723 1.6268 1.49001 -1.07274 -0.0841492 -1.29708 -0.413503 0.678414 0.850902 -0.113224 0.0219925 0.732753 0.946738 -0.0317407 0.204642 0.0778419 0.265422 0.0845613 0.723863 0.0970939 0.302228 0.0304695 0.725182 0.691262 0.676299 0.640212 0.859361 -0.792891 -0.934488 -0.199912 
0.700604 0.97964 1.02867 0.643031 0.281004 0.337092 203.453 -0.593059 0.961868 1.73395 1.55094 1.29301 1.26995 1.36212 1.31404 1.25683 1.3598 1.3111 0.808321 0.595258 1.12671 0.699483 0.524139 1.09323 2.17104 1.6463 1.44486 -0.500859 -0.730692 -0.925528 -9.44607e-18 0.0375026 -0.317539 0.980034 1.6268 1.43364 -0.894186 0.213989 -1.28915 -0.413503 0.844473 1.13495 0.0153586 0.190587 0.85046 0.981284 0.0975571 0.363689 0.22619 0.396809 0.166769 0.723863 0.200734 0.302228 0.126314 0.725182 0.74718 0.676299 0.725477 0.859361 -0.792891 -0.994957 -0.44802 
-0.0474713 0.403283 0.362016 0.477139 0.19 0.637971 203.269 -0.593059 0.399737 1.45508 1.44143 1.26323 0.951461 1.17451 1.2134 0.950344 1.17137 1.21285 0.489804 0.448126 1.00696 0.741764 0.427936 1.04096 2.13271 1.61917 1.39219 -0.495321 -0.721559 -0.978548 -9.44607e-18 0.0375026 -0.156992 0.697633 1.5272 1.3531 -0.791075 0.213989 -1.25144 -0.413503 0.997156 1.13495 0.163463 0.413283 0.958861 0.981284 0.234866 0.525086 0.345875 0.396809 0.187708 0.723863 0.287172 0.302228 0.163399 0.725182 0.799383 0.676299 0.803922 0.859361 -0.792891 -0.994957 -0.696128 
-0.561835 -0.411466 -0.385604 0.454758 0.548485 0.753856 203.272 -0.593059 0.399737 1.51436 1.44283 1.35752 0.99758 1.12735 1.2328 1.02609 1.13177 1.23269 0.0511971 0.482605 0.943342 0.546622 0.4995 0.995565 1.97127 1.53853 1.33218 -0.489071 -0.711657 -0.993387 -9.44607e-18 0.0375026 -0.0285537 0.697633 1.5272 1.34257 -0.781945 0.213989 -1.246 -0.413503 1.12943 1.13495 0.324041 0.603768 1.05556 0.981284 0.380396 0.697327 0.455585 0.396809 0.280956 0.723863 0.408335 0.302228 0.289146 0.725182 0.848326 0.676299 0.876297 0.859361 -0.792891 -0.994957 -0.894615 
0.106912 0.543863 0.545346 0.486557 0.767511 1.43315 203.323 -0.593059 0.399737 1.76605 1.53875 1.45459 1.10464 1.1544 1.25531 1.1089 1.14421 1.24969 0.0573652 0.691801 0.878448 0.500118 0.652539 0.877454 1.60204 1.33605 1.19828 -0.482551 -0.701695 -0.991265 -9.44607e-18 0.0375026 0.0677749 0.697633 1.5272 1.34908 -0.673839 0.213989 -1.22079 -0.413503 1.2296 1.13495 0.481146 0.684312 1.13439 0.981284 0.537128 0.904803 0.562084 0.396809 0.39197 0.723863 0.545929 0.490537 0.417 0.725182 0.89433 0.676299 0.943273 0.859361 -0.792891 -0.994957 -1.04348 
1.92155 1.5849 1.61438 0.856919 1.16109 1.41237 202.828 -0.593059 0.399737 1.79425 1.4897 1.31751 0.880582 0.986853 1.09903 0.892211 0.980071 1.09745 0.236152 0.914217 0.723615 0.461816 0.759971 0.621161 0.951369 1.02677 1.02342 -0.471209 -0.691092 -0.988129 -9.44607e-18 0.0375026 0.131994 0.980034 1.6268 1.37726 -0.466823 1.29962 -1.06519 0.28956 1.28268 1.13495 0.633826 0.753753 1.19078 0.981284 0.700629 1.08477 0.70118 0.652306 0.554856 0.723863 0.716893 0.96234 0.565306 0.725182 0.937366 0.676299 1.0054 0.859361 -0.792891 -0.994957 -1.14272 
1.96904 1.59855 1.63854 0.905382 0.964861 1.84466 202.915 -0.593059 0.399737 1.24508 1.09205 1.02314 0.659548 0.726846 0.880895 0.650604 0.705329 0.868027 0.489936 0.992149 0.611428 0.326933 0.753519 0.453796 0.345877 0.691802 0.780507 -0.457086 -0.718182 -0.984429 -9.44607e-18 0.0375026 0.164103 1.82723 1.6268 1.43364 -0.270296 1.32409 -0.90262 0.642153 1.29547 1.13495 0.782653 0.823529 1.22522 0.981284 0.870638 1.26994 0.837269 0.710198 0.722092 0.868856 0.858006 0.96234 0.677872 0.725182 0.977987 0.676299 1.06324 0.859361 -0.792891 -0.994957 -1.19234 
0.62685 0.963777 0.954558 0.69673 0.669754 1.2802 203.085 -0.593059 1.524 0.758049 0.828814 0.882479 0.483298 0.53049 0.721963 0.473871 0.511288 0.708444 0.758062 0.917571 0.507284 0.198083 0.682637 0.338844 -0.0362097 0.416335 0.57614 -0.442284 -0.714767 -0.981065 -9.44607e-18 0.0375026 0.164103 2.10964 1.44973 1.33968 -0.145309 1.32409 -0.808737 0.642153 1.28469 1.13495 0.925441 0.870475 1.24278 0.981284 1.0355 1.34796 0.945118 0.710198 0.857016 0.868856 0.961917 0.96234 0.771755 0.725182 1.01644 0.676299 1.11724 0.859361 -0.792891 -0.994957 -1.19234 
0.0634551 0.474512 0.531825 0.624709 0.774379 1.03862 203.463 -0.593059 1.524 0.529079 0.884008 0.953755 0.344773 0.494584 0.685957 0.317066 0.470708 0.667612 0.96824 0.869521 0.587925 0.189628 0.611567 0.377809 -0.0629143 0.293096 0.45984 -0.42849 -0.712792 -0.978579 -9.44607e-18 0.0375026 0.164103 1.54483 1.07897 1.13767 -0.0725408 1.32409 -0.800423 0.642153 1.27295 1.13495 1.0635 0.923173 1.25288 0.981284 1.19312 1.39857 1.04019 0.710198 0.980695 0.868856 1.07034 0.96234 0.903354 0.725182 1.05299 0.676299 1.16787 0.859361 -0.792891 -0.994957 -1.19234 
0.79536 1.06229 1.04163 1.02328 1.03446 1.36128 203.966 -0.593059 1.524 0.336408 0.917904 1.00489 0.0942789 0.424537 0.646562 0.0528958 0.393474 0.621366 1.0939 0.880681 0.709588 0.294889 0.614208 0.463899 -0.176838 0.144547 0.329871 -0.416659 -0.713115 -0.977797 -9.44607e-18 0.0375026 0.164103 0.980034 0.716128 0.942374 0.0495769 1.32409 -0.701992 0.642153 1.25537 1.13495 1.22471 1.2318 1.25479 0.981284 1.34627 1.47056 1.16769 0.851036 1.10075 0.868856 1.19757 0.96234 1.0528 0.923456 1.08786 0.676299 1.21545 0.859361 -0.792891 -0.994957 -1.19234 
2.65583 1.83016 1.82779 1.59887 1.58474 1.16724 205.171 -0.593059 1.524 -0.0146535 0.482996 0.668277 -0.0849214 0.194696 0.437493 -0.125739 0.170497 0.417594 0.978276 0.701319 0.658606 0.357326 0.440963 0.381948 -0.226592 0.0087309 0.227558 -0.410079 -0.71819 -0.981006 -9.44607e-18 0.0375026 0.164103 0.697633 0.464744 0.757143 0.233123 1.73952 -0.513502 1.92608 1.23594 1.13495 1.4096 1.56855 1.24979 0.981284 1.49377 1.52446 1.34129 1.5386 1.25756 1.15081 1.36882 1.4702 1.23849 1.42023 1.1215 0.676299 1.25997 0.859361 -0.792891 -0.994957 -1.19234 
2.16043 1.67033 1.66506 1.73769 1.35796 1.70829 205.866 -0.593059 2.08613 -0.500087 -0.0360776 0.225311 -0.211447 0.0127426 0.208596 -0.250926 -0.0122918 0.184245 0.696464 0.439079 0.456744 0.414947 0.282938 0.272462 -0.317695 -0.221002 0.0315234 -0.507833 -0.729661 -0.98949 -9.44607e-18 0.0375026 0.164103 -0.149568 0.132727 0.418896 0.393755 1.73952 -0.334563 1.95501 1.21259 1.13495 1.61438 1.89123 1.2338 0.981284 1.6346 1.56029 1.5186 1.70442 1.41097 1.2147 1.5112 1.4702 1.39175 1.42023 1.15377 0.676299 1.30199 0.859361 -0.792891 -0.994957 -1.19234 
0.735599 1.02476 0.997306 1.49259 1.07885 1.749 206.547 -0.593059 1.524 -0.322262 -0.0676189 0.151693 -0.159164 -0.00939416 0.116337 -0.183548 -0.0275799 0.0965154 0.348512 0.273602 0.275775 0.499641 0.296774 0.301908 -0.440028 -0.51214 -0.232329 -0.539516 -0.749652 -1.00566 -9.44607e-18 0.0375026 0.164103 -0.926169 -0.0166799 0.179304 0.492417 1.73952 -0.220761 1.95501 1.18394 1.13495 1.80266 1.89123 1.2047 0.981284 1.7643 1.56029 1.66594 1.70442 1.53256 1.2147 1.62224 1.4702 1.50461 1.42023 1.18476 0.677049 1.34176 0.859361 -0.792891 -0.994957 -1.19234 
0.192574 0.596498 0.621189 1.26251 1.2361 1.60825 207.007 -0.593059 1.524 0.442504 0.353915 0.500747 0.171985 0.154195 0.233562 0.124552 0.117023 0.201998 0.258489 0.317883 0.251152 0.63329 0.394839 0.365692 -0.813671 -0.790161 -0.492534 -0.589766 -0.784126 -1.03524 -9.44607e-18 0.0375026 0.164103 -0.808502 -0.132886 0.0242746 0.551324 1.73952 -0.154505 1.95501 1.13751 1.13495 1.96578 1.89123 1.16404 0.981284 1.87999 1.56029 1.78671 1.70442 1.63974 1.2147 1.74141 1.4702 1.62237 1.42023 1.21447 0.682088 1.37957 0.859361 -0.792891 -0.994957 -1.19234 
0.96188 1.15531 1.11135 1.44328 1.48481 1.33632 207.354 -0.593059 1.524 1.20143 0.78115 0.884005 0.392947 0.219234 0.309685 0.357671 0.184694 0.277356 0.33074 0.471302 0.371054 0.776176 0.560833 0.509766 -1.17555 -1.00234 -0.719293 -0.680969 -0.851481 -1.09592 -9.44607e-18 0.0375026 0.164103 -0.573168 -0.166087 -0.0602872 0.652171 1.73952 -0.0433154 1.95501 1.07511 1.13495 2.08931 1.89123 1.1156 0.981284 1.97431 1.56029 1.91686 1.70442 1.78346 1.37012 1.87576 1.4702 1.76056 1.42023 1.24295 0.685891 1.41564 0.859361 -0.792891 -0.994957 -1.19234 
2.50837 1.78131 1.75085 1.90553 1.98483 0.960096 207.592 -0.593059 2.08613 0.32356 0.136799 0.321017 0.153286 0.0202337 0.0972763 0.122413 -0.0114539 0.068686 0.136469 0.290571 0.223899 0.470787 0.341065 0.298636 -0.931535 -0.829132 -0.682732 -0.932182 -1.04653 -1.27709 -9.44607e-18 0.0375026 0.164103 -0.714368 -0.863322 -0.65222 0.797349 1.73952 0.123805 2.44632 1.02749 1.13495 2.15475 1.89123 1.07708 0.981284 2.04178 1.56029 2.07858 1.90491 1.97917 2.12888 2.0447 1.94981 1.94656 1.95496 1.27023 0.688505 1.45043 0.859361 -0.792891 -0.994957 -1.19234 
1.73885 1.51506 1.47677 1.9189 1.90449 1.21548 181.796 -0.593059 1.524 0.385492 0.0563927 0.160011 0.168715 0.00011478 0.039573 0.146392 -0.0252778 0.0132258 -0.0176455 0.0775959 0.0609558 0.283162 0.179286 0.124606 -0.855343 -0.772109 -0.761899 -0.941143 -1.05351 -1.28068 -9.44607e-18 0.0375026 0.164103 -0.431968 -1.16214 -0.821343 0.797349 1.73952 0.270062 2.44632 1.02749 1.13495 2.17053 1.89123 1.07708 0.981284 2.08299 1.56029 2.07858 1.90491 2.17906 2.31188 2.0447 1.94981 2.1012 1.95496 1.27023 0.688505 1.48381 0.859361 -0.792891 -0.994957 -1.19234 
